"TOA5","CEASA","CR3000","ÿ1677721255.008","CR3000.Std.32.05","CPU:CEASA_V6.CR3","20755","CEASA_HR"
"TIMESTAMP","RECORD","Temp_Ar_Avg","Umid_Rel","R_Solar_Avg","V_Vento_Horaria","D_Vento_Horaria","Rajada","Dir_Rajada","Chuva_Tot","PressATM","Orvalho","Ind_Calor","WindChill"
"TS","RN","Deg C","%","W/m^2","KM/h","Deg","KM/h","Degrees","mm","","","",""
"","","Avg","Smp","Avg","WVc","WVc","Max","SMM","Tot","Smp","Smp","Smp","Smp"
"2026-06-05 21:00:00",34306,-100,-100,0,14.4,0,14.4,NAN,0,578.7,-100,-100,-144.9
"2026-06-05 22:00:00",34307,-100,-100,0,14.4,0,14.4,NAN,0,584.5,-100,-100,-144.9
"2026-06-06 09:00:00",34308,-100,-100,235.9,14.4,0,14.4,NAN,0,576.8,-100,-100,-144.9
"2026-06-06 10:00:00",34309,-100,-100,370.5,14.4,0,14.4,NAN,0,581.2,-100,-100,-144.9
"2026-06-06 11:00:00",34310,-100,-100,496.2,14.4,0,14.4,NAN,0,587.4,-100,-100,-144.9
"2026-06-06 12:00:00",34311,-100,-100,575.4,14.4,0,14.4,NAN,0,589.3,-100,-100,-144.9
"2026-06-06 13:00:00",34312,-100,-100,601.8,14.4,0,14.4,NAN,0,590.6,-100,-100,-144.9
"2026-06-06 14:00:00",34313,-100,-100,562.5,14.4,0,14.4,NAN,0,592.1,-100,-100,-144.9
"2026-06-06 15:00:00",34314,-100,-100,378,14.4,0,14.4,NAN,0,595.4,-100,-100,-144.9
"2026-06-06 16:00:00",34315,-100,-100,282.2,14.4,0,14.4,NAN,0,592.8,-100,-100,-144.9
"2026-06-06 17:00:00",34316,-100,-100,182.5,14.4,0,14.4,NAN,0,590.9,-100,-100,-144.9
"2026-06-06 18:00:00",34317,-100,-100,14.13,14.4,0,14.4,NAN,0,586.7,-100,-100,-144.9
"2026-06-06 19:00:00",34318,-100,-100,0,14.4,0,14.4,NAN,0,582.4,-100,-100,-144.9
"2026-06-06 20:00:00",34319,-100,-100,0,14.4,0,14.4,NAN,0,580.6,-100,-100,-144.9
"2026-06-06 21:00:00",34320,-100,-100,0,14.4,0,14.4,NAN,0,579.7,-100,-100,-144.9
"2026-06-06 22:00:00",34321,-100,-100,0,14.4,0,14.4,NAN,0,580.1,-100,-100,-144.9
"2026-06-06 23:00:00",34322,-100,-100,0,14.4,0,14.4,NAN,0,575.2,-100,-100,-144.9
"2026-06-07 08:00:00",34323,-100,-100,94.7,14.4,0,14.4,NAN,0,589.7,-100,-100,-144.9
"2026-06-07 09:00:00",34324,-100,-100,177,14.4,0,14.4,NAN,0,569.5,-100,-100,-144.9
"2026-06-07 10:00:00",34325,-100,-100,370,14.4,0,14.4,NAN,0,577.3,-100,-100,-144.9
"2026-06-07 11:00:00",34326,-100,-100,522.6,14.4,0,14.4,NAN,0,583.5,-100,-100,-144.9
"2026-06-07 12:00:00",34327,-100,-100,557.2,14.4,0,14.4,NAN,0,585.9,-100,-100,-144.9
"2026-06-07 13:00:00",34328,-100,-100,579.5,14.4,0,14.4,NAN,0,586.2,-100,-100,-144.9
"2026-06-07 14:00:00",34329,-100,-100,482.4,14.4,0,14.4,NAN,0,589.3,-100,-100,-144.9
"2026-06-07 15:00:00",34330,-100,-100,418.3,14.4,0,14.4,NAN,0,590.4,-100,-100,-144.9
"2026-06-07 16:00:00",34331,-100,-100,216.4,14.4,0,14.4,NAN,0,587.3,-100,-100,-144.9
"2026-06-07 17:00:00",34332,-100,-100,128.8,14.4,0,14.4,NAN,0,585.1,-100,-100,-144.9
"2026-06-07 18:00:00",34333,-100,-100,11.02,14.4,0,14.4,NAN,0,582.3,-100,-100,-144.9
"2026-06-07 19:00:00",34334,-100,-100,0,14.4,0,14.4,NAN,0,582.5,-100,-100,-144.9
"2026-06-07 20:00:00",34335,-100,-100,0,14.4,0,14.4,NAN,0,582.8,-100,-100,-144.9
"2026-06-07 21:00:00",34336,-100,-100,0,14.4,0,14.4,NAN,0,580.8,-100,-100,-144.9
"2026-06-07 22:00:00",34337,-100,-100,0,14.4,0,14.4,NAN,0.254,577.8,-100,-100,-144.9
"2026-06-07 23:00:00",34338,-100,-100,0,14.4,0,14.4,NAN,0.254,575.6,-100,-100,-144.9
"2026-06-08 09:00:00",34339,-100,-100,251.1,14.4,0,14.4,NAN,0,590,-100,-100,-144.9
"2026-06-08 10:00:00",34340,-100,-100,322.4,14.4,0,14.4,NAN,0,583.6,-100,-100,-144.9
"2026-06-08 11:00:00",34341,-100,-100,329.1,14.4,0,14.4,NAN,0,586.1,-100,-100,-144.9
"2026-06-08 12:00:00",34342,-100,-100,280.3,14.4,0,14.4,NAN,0,588,-100,-100,-144.9
"2026-06-08 13:00:00",34343,-100,-100,408.3,14.4,0,14.4,NAN,0,584.7,-100,-100,-144.9
"2026-06-08 14:00:00",34344,-100,-100,284.4,14.4,0,14.4,NAN,0,588.7,-100,-100,-144.9
"2026-06-08 15:00:00",34345,-100,-100,317.5,14.4,0,14.4,NAN,0,586.5,-100,-100,-144.9
"2026-06-08 16:00:00",34346,-100,-100,152.6,14.4,0,14.4,NAN,0,586.4,-100,-100,-144.9
"2026-06-08 17:00:00",34347,-100,-100,104.3,14.4,0,14.4,NAN,0,585.8,-100,-100,-144.9
"2026-06-08 18:00:00",34348,-100,-100,14.05,14.4,0,14.4,NAN,0,584.3,-100,-100,-144.9
"2026-06-08 19:00:00",34349,-100,-100,0,14.4,0,14.4,NAN,0,582.4,-100,-100,-144.9
"2026-06-08 20:00:00",34350,-100,-100,0,14.4,0,14.4,NAN,0,580.8,-100,-100,-144.9
"2026-06-08 21:00:00",34351,-100,-100,0,14.4,0,14.4,NAN,0,579.4,-100,-100,-144.9
"2026-06-08 22:00:00",34352,-100,-100,0,14.4,0,14.4,NAN,0,578.3,-100,-100,-144.9
"2026-06-08 23:00:00",34353,-100,-100,0,14.4,0,14.4,NAN,0,577.3,-100,-100,-144.9
"2026-06-09 09:00:00",34354,-100,-100,250.5,14.4,0,14.4,NAN,0.254,584.5,-100,-100,-144.9
"2026-06-09 10:00:00",34355,-100,-100,296.5,14.4,0,14.4,NAN,0,580.1,-100,-100,-144.9
"2026-06-09 11:00:00",34356,-100,-100,263.6,14.4,0,14.4,NAN,0,586.5,-100,-100,-144.9
"2026-06-09 12:00:00",34357,-100,-100,438.5,14.4,0,14.4,NAN,0,586,-100,-100,-144.9
"2026-06-09 13:00:00",34358,-100,-100,338.6,14.4,0,14.4,NAN,0,585.6,-100,-100,-144.9
"2026-06-09 14:00:00",34359,-100,-100,265.5,14.4,0,14.4,NAN,0,589.2,-100,-100,-144.9
"2026-06-09 15:00:00",34360,-100,-100,338.9,14.4,0,14.4,NAN,0,587.2,-100,-100,-144.9
"2026-06-09 16:00:00",34361,-100,-100,288.3,14.4,0,14.4,NAN,0,588.2,-100,-100,-144.9
"2026-06-09 17:00:00",34362,-100,-100,108.4,14.4,0,14.4,NAN,0,587.2,-100,-100,-144.9
"2026-06-09 18:00:00",34363,-100,-100,8.27,14.4,0,14.4,NAN,0,583.5,-100,-100,-144.9
"2026-06-09 19:00:00",34364,-100,-100,0,14.4,0,14.4,NAN,0,580.1,-100,-100,-144.9
"2026-06-09 20:00:00",34365,-100,-100,0.07,14.4,0,14.4,NAN,0,578,-100,-100,-144.9
"2026-06-09 21:00:00",34366,-100,-100,0,14.4,0,14.4,NAN,0,577,-100,-100,-144.9
"2026-06-09 22:00:00",34367,-100,-100,0,14.4,0,14.4,NAN,0,576.3,-100,-100,-144.9
"2026-06-09 23:00:00",34368,-100,-100,0.033,14.4,0,14.4,NAN,0,574.1,-100,-100,-144.9
"2026-06-10 12:00:00",34369,-100,-100,92.4,14.4,0,14.4,NAN,0,610.9,-100,-100,-144.9
"2026-06-10 15:00:00",34370,-100,-100,46.92,14.4,0,14.4,NAN,0,609.4,-100,-100,-144.9
"2026-06-11 09:00:00",34371,-100,-100,97.2,14.4,0,14.4,NAN,0,609.1,-100,-100,-144.9
"2026-06-11 10:00:00",34372,-100,-100,212.3,14.4,0,14.4,NAN,0,594.7,-100,-100,-144.9
"2026-06-11 11:00:00",34373,-100,-100,384.4,14.4,0,14.4,NAN,0,592.5,-100,-100,-144.9
"2026-06-11 12:00:00",34374,-100,-100,257.1,14.4,0,14.4,NAN,0,596.4,-100,-100,-144.9
"2026-06-11 13:00:00",34375,-100,-100,170.1,14.4,0,14.4,NAN,0,595.6,-100,-100,-144.9
"2026-06-11 14:00:00",34376,-100,-100,182.5,14.4,0,14.4,NAN,0,592.6,-100,-100,-144.9
"2026-06-11 15:00:00",34377,-100,-100,140.6,14.4,0,14.4,NAN,0,591.6,-100,-100,-144.9
"2026-06-11 16:00:00",34378,-100,-100,119.7,14.4,0,14.4,NAN,0,590.1,-100,-100,-144.9
"2026-06-11 17:00:00",34379,-100,-100,54.31,14.4,0,14.4,NAN,0,588.4,-100,-100,-144.9
"2026-06-11 18:00:00",34380,-100,-100,8.37,14.4,0,14.4,NAN,0,587.5,-100,-100,-144.9
"2026-06-11 19:00:00",34381,-100,-100,0,14.4,0,14.4,NAN,0,585.4,-100,-100,-144.9
"2026-06-11 20:00:00",34382,-100,-100,0,14.4,0,14.4,NAN,0,583.1,-100,-100,-144.9
"2026-06-12 11:00:00",34383,-100,-100,202.7,14.4,0,14.4,NAN,0,594.7,-100,-100,-144.9
"2026-06-12 12:00:00",34384,-100,-100,271.8,14.4,0,14.4,NAN,0,595.5,-100,-100,-144.9
"2026-06-12 13:00:00",34385,-100,-100,512.4,14.4,0,14.4,NAN,0,589.1,-100,-100,-144.9
"2026-06-12 14:00:00",34386,-100,-100,450.6,14.4,0,14.4,NAN,1.016,595.7,-100,-100,-144.9
"2026-06-12 15:00:00",34387,-100,-100,199.3,14.4,0,14.4,NAN,0,591.3,-100,-100,-144.9
"2026-06-12 16:00:00",34388,-100,-100,256.3,14.4,0,14.4,NAN,0,588.7,-100,-100,-144.9
"2026-06-12 17:00:00",34389,-100,-100,170.9,14.4,0,14.4,NAN,0,591.1,-100,-100,-144.9
"2026-06-12 18:00:00",34390,-100,-100,7.436,14.4,0,14.4,NAN,0,588.1,-100,-100,-144.9
"2026-06-12 19:00:00",34391,-100,-100,0,14.4,0,14.4,NAN,0,586,-100,-100,-144.9
"2026-06-12 20:00:00",34392,-100,-100,0,14.4,0,14.4,NAN,0,579.3,-100,-100,-144.9
"2026-06-12 21:00:00",34393,-100,-100,0.01,14.4,0,14.4,NAN,0,582,-100,-100,-144.9
"2026-06-12 22:00:00",34394,-100,-100,0,14.4,0,14.4,NAN,0,580.8,-100,-100,-144.9
"2026-06-13 08:00:00",34395,-100,-100,110.8,14.4,0,14.4,NAN,0,590,-100,-100,-144.9
"2026-06-13 09:00:00",34396,-100,-100,197.1,14.4,0,14.4,NAN,0,572.2,-100,-100,-144.9
"2026-06-13 10:00:00",34397,-100,-100,362.5,14.4,0,14.4,NAN,0,581.9,-100,-100,-144.9
"2026-06-13 11:00:00",34398,-100,-100,492.7,14.4,0,14.4,NAN,0,585.6,-100,-100,-144.9
"2026-06-13 12:00:00",34399,-100,-100,574.7,14.4,0,14.4,NAN,0,586.2,-100,-100,-144.9
"2026-06-13 13:00:00",34400,-100,-100,605,14.4,0,14.4,NAN,0,587.6,-100,-100,-144.9
"2026-06-13 14:00:00",34401,-100,-100,521,14.4,0,14.4,NAN,0,589.5,-100,-100,-144.9
"2026-06-13 15:00:00",34402,-100,-100,482.6,14.4,0,14.4,NAN,0,591.9,-100,-100,-144.9
"2026-06-13 16:00:00",34403,-100,-100,347.9,14.4,0,14.4,NAN,0,594.7,-100,-100,-144.9
"2026-06-13 17:00:00",34404,-100,-100,151.5,14.4,0,14.4,NAN,0,593.3,-100,-100,-144.9
"2026-06-13 18:00:00",34405,-100,-100,5.964,14.4,0,14.4,NAN,0,587.8,-100,-100,-144.9
"2026-06-13 19:00:00",34406,-100,-100,0.085,14.4,0,14.4,NAN,0,584.2,-100,-100,-144.9
"2026-06-13 20:00:00",34407,-100,-100,0.023,14.4,0,14.4,NAN,0,580.1,-100,-100,-144.9
"2026-06-13 21:00:00",34408,-100,-100,0,14.4,0,14.4,NAN,0,577.2,-100,-100,-144.9
"2026-06-13 22:00:00",34409,-100,-100,0,14.4,0,14.4,NAN,0,575.5,-100,-100,-144.9
"2026-06-13 23:00:00",34410,-100,-100,0,14.4,0,14.4,NAN,0,575.4,-100,-100,-144.9
"2026-06-14 00:00:00",34411,-100,-100,0,14.4,0,14.4,NAN,0,577.6,-100,-100,-144.9
"2026-06-14 09:00:00",34412,-100,-100,76.13,14.4,0,14.4,NAN,0,607.5,-100,-100,-144.9
"2026-06-14 10:00:00",34413,-100,-100,101.6,14.4,0,14.4,NAN,0,609.4,-100,-100,-144.9
"2026-06-14 11:00:00",34414,-100,-100,224.3,14.4,0,14.4,NAN,0,598,-100,-100,-144.9
"2026-06-14 12:00:00",34415,-100,-100,239,14.4,0,14.4,NAN,0,596.2,-100,-100,-144.9
"2026-06-14 13:00:00",34416,-100,-100,304.4,14.4,0,14.4,NAN,0,595.5,-100,-100,-144.9
"2026-06-14 14:00:00",34417,-100,-100,381.2,14.4,0,14.4,NAN,0,593,-100,-100,-144.9
"2026-06-14 15:00:00",34418,-100,-100,116.4,14.4,0,14.4,NAN,0,604,-100,-100,-144.9
"2026-06-14 16:00:00",34419,-100,-100,74.46,14.4,0,14.4,NAN,0,599.8,-100,-100,-144.9
"2026-06-15 14:00:00",34420,-100,-100,141.8,14.4,0,14.4,NAN,0,614,-100,-100,-144.9
"2026-06-16 09:00:00",34421,-100,-100,168.1,14.4,0,14.4,NAN,0,609.4,-100,-100,-144.9
"2026-06-16 10:00:00",34422,-100,-100,135.6,14.4,0,14.4,NAN,0,609.9,-100,-100,-144.9
"2026-06-16 11:00:00",34423,-100,-100,345.4,14.4,0,14.4,NAN,0,599.1,-100,-100,-144.9
"2026-06-16 12:00:00",34424,-100,-100,282.7,14.4,0,14.4,NAN,0,602.5,-100,-100,-144.9
"2026-06-16 13:00:00",34425,-100,-100,226.8,14.4,0,14.4,NAN,0,601.1,-100,-100,-144.9
"2026-06-16 14:00:00",34426,-100,-100,235,14.4,0,14.4,NAN,0,597.8,-100,-100,-144.9
"2026-06-16 15:00:00",34427,-100,-100,398.1,14.4,0,14.4,NAN,0,596,-100,-100,-144.9
"2026-06-16 16:00:00",34428,-100,-100,330.2,14.4,0,14.4,NAN,0,600.8,-100,-100,-144.9
"2026-06-16 17:00:00",34429,-100,-100,77.68,14.4,0,14.4,NAN,0,599,-100,-100,-144.9
"2026-06-16 18:00:00",34430,-100,-100,10.91,14.4,0,14.4,NAN,0,595.3,-100,-100,-144.9
"2026-06-16 19:00:00",34431,-100,-100,0,14.4,0,14.4,NAN,0,594.3,-100,-100,-144.9
"2026-06-16 20:00:00",34432,-100,-100,0,14.4,0,14.4,NAN,0,592.2,-100,-100,-144.9
"2026-06-16 21:00:00",34433,-100,-100,0,14.4,0,14.4,NAN,0,587.5,-100,-100,-144.9
"2026-06-17 09:00:00",34434,-100,-100,162.2,14.4,0,14.4,NAN,0,598.9,-100,-100,-144.9
"2026-06-17 10:00:00",34435,-100,-100,203.5,14.4,0,14.4,NAN,0,589.1,-100,-100,-144.9
"2026-06-17 11:00:00",34436,-100,-100,443,14.4,0,14.4,NAN,0,583.3,-100,-100,-144.9
"2026-06-17 12:00:00",34437,-100,-100,588.3,14.4,0,14.4,NAN,0,589.8,-100,-100,-144.9
"2026-06-17 13:00:00",34438,-100,-100,616,14.4,0,14.4,NAN,0,591.9,-100,-100,-144.9
"2026-06-17 14:00:00",34439,-100,-100,576,14.4,0,14.4,NAN,0,593.8,-100,-100,-144.9
"2026-06-17 15:00:00",34440,-100,-100,486.3,14.4,0,14.4,NAN,0,596.2,-100,-100,-144.9
"2026-06-17 16:00:00",34441,-100,-100,351.1,14.4,0,14.4,NAN,0,599,-100,-100,-144.9
"2026-06-17 17:00:00",34442,-100,-100,172,14.4,0,14.4,NAN,0,600.3,-100,-100,-144.9
"2026-06-17 18:00:00",34443,-100,-100,8.21,14.4,0,14.4,NAN,0,594.5,-100,-100,-144.9
"2026-06-17 19:00:00",34444,-100,-100,0,14.4,0,14.4,NAN,0,588.7,-100,-100,-144.9
"2026-06-17 20:00:00",34445,-100,-100,0,14.4,0,14.4,NAN,0,586.8,-100,-100,-144.9
"2026-06-17 21:00:00",34446,-100,-100,0,14.4,0,14.4,NAN,0,594.1,-100,-100,-144.9
"2026-06-17 22:00:00",34447,-100,-100,0.021,14.4,0,14.4,NAN,0,586,-100,-100,-144.9
"2026-06-17 23:00:00",34448,-100,-100,0.071,14.4,0,14.4,NAN,0,576,-100,-100,-144.9
"2026-06-18 08:00:00",34449,-100,-100,59.45,14.4,0,14.4,NAN,0,597.3,-100,-100,-144.9
"2026-06-18 09:00:00",34450,-100,-100,260.6,14.4,0,14.4,NAN,0,557.3,-100,-100,-144.9
"2026-06-18 10:00:00",34451,-100,-100,344,14.4,0,14.4,NAN,0,570.8,-100,-100,-144.9
"2026-06-18 11:00:00",34452,-100,-100,495.3,14.4,0,14.4,NAN,0,577.9,-100,-100,-144.9
"2026-06-18 12:00:00",34453,-100,-100,560.5,14.4,0,14.4,NAN,0,582.9,-100,-100,-144.9
"2026-06-18 13:00:00",34454,-100,-100,556.5,14.4,0,14.4,NAN,0,585.7,-100,-100,-144.9
"2026-06-18 14:00:00",34455,-100,-100,447.3,14.4,0,14.4,NAN,0,588.5,-100,-100,-144.9
"2026-06-18 15:00:00",34456,-100,-100,417,14.4,0,14.4,NAN,0,587.1,-100,-100,-144.9
"2026-06-18 16:00:00",34457,-100,-100,288.7,14.4,0,14.4,NAN,0,589.7,-100,-100,-144.9
"2026-06-18 17:00:00",34458,-100,-100,122.2,14.4,0,14.4,NAN,0,585.6,-100,-100,-144.9
"2026-06-18 18:00:00",34459,-100,-100,19.24,14.4,0,14.4,NAN,0,581.5,-100,-100,-144.9
"2026-06-18 19:00:00",34460,-100,-100,0,14.4,0,14.4,NAN,0,580.4,-100,-100,-144.9
"2026-06-18 20:00:00",34461,-100,-100,0,14.4,0,14.4,NAN,0,579.2,-100,-100,-144.9
"2026-06-18 21:00:00",34462,-100,-100,0,14.4,0,14.4,NAN,0,578.1,-100,-100,-144.9
"2026-06-18 22:00:00",34463,-100,-100,0,14.4,0,14.4,NAN,0,577.3,-100,-100,-144.9
"2026-06-18 23:00:00",34464,-100,-100,0,14.4,0,14.4,NAN,0,572.1,-100,-100,-144.9
"2026-06-19 08:00:00",34465,-100,-100,68.17,14.4,0,14.4,NAN,0,604.4,-100,-100,-144.9
"2026-06-19 09:00:00",34466,-100,-100,217.8,14.4,0,14.4,NAN,0,574.2,-100,-100,-144.9
"2026-06-19 10:00:00",34467,-100,-100,246.4,14.4,0,14.4,NAN,0,574.1,-100,-100,-144.9
"2026-06-19 11:00:00",34468,-100,-100,354.5,14.4,0,14.4,NAN,0,578,-100,-100,-144.9
"2026-06-19 12:00:00",34469,-100,-100,422,14.4,0,14.4,NAN,0,582.4,-100,-100,-144.9
"2026-06-19 13:00:00",34470,-100,-100,337.9,14.4,0,14.4,NAN,0,585,-100,-100,-144.9
"2026-06-19 14:00:00",34471,-100,-100,372,14.4,0,14.4,NAN,0,584.6,-100,-100,-144.9
"2026-06-19 15:00:00",34472,-100,-100,317.8,14.4,0,14.4,NAN,0,586.9,-100,-100,-144.9
"2026-06-19 16:00:00",34473,-100,-100,184.5,14.4,0,14.4,NAN,0,585.8,-100,-100,-144.9
"2026-06-19 17:00:00",34474,-100,-100,113.5,14.4,0,14.4,NAN,0,583.1,-100,-100,-144.9
"2026-06-19 18:00:00",34475,-100,-100,12.26,14.4,0,14.4,NAN,0,581.6,-100,-100,-144.9
"2026-06-19 19:00:00",34476,-100,-100,0,14.4,0,14.4,NAN,0,579.6,-100,-100,-144.9
"2026-06-19 20:00:00",34477,-100,-100,0,14.4,0,14.4,NAN,0,576.8,-100,-100,-144.9
"2026-06-19 21:00:00",34478,-100,-100,0,14.4,0,14.4,NAN,0,575.2,-100,-100,-144.9
"2026-06-19 22:00:00",34479,-100,-100,0.174,14.4,0,14.4,NAN,0,572.8,-100,-100,-144.9
"2026-06-19 23:00:00",34480,-100,-100,0,14.4,0,14.4,NAN,0,568,-100,-100,-144.9
"2026-06-21 09:00:00",34481,-100,-100,136.1,14.4,0,14.4,NAN,0,608.8,-100,-100,-144.9
"2026-06-21 10:00:00",34482,-100,-100,236.6,14.4,0,14.4,NAN,0,597.9,-100,-100,-144.9
"2026-06-21 11:00:00",34483,-100,-100,361.9,14.4,0,14.4,NAN,0,593.9,-100,-100,-144.9
"2026-06-21 12:00:00",34484,-100,-100,415.9,14.4,0,14.4,NAN,0,596.7,-100,-100,-144.9
"2026-06-21 13:00:00",34485,-100,-100,537.4,14.4,0,14.4,NAN,0,595.7,-100,-100,-144.9
"2026-06-21 14:00:00",34486,-100,-100,368.8,14.4,0,14.4,NAN,0,598.8,-100,-100,-144.9
"2026-06-21 15:00:00",34487,-100,-100,223.3,14.4,0,14.4,NAN,0,596.5,-100,-100,-144.9
"2026-06-21 16:00:00",34488,-100,-100,173.7,14.4,0,14.4,NAN,0,593.2,-100,-100,-144.9
"2026-06-21 17:00:00",34489,-100,-100,36.99,14.4,0,14.4,NAN,0,591.3,-100,-100,-144.9
"2026-06-21 18:00:00",34490,-100,-100,7.525,14.4,0,14.4,NAN,0,589.4,-100,-100,-144.9
"2026-06-21 19:00:00",34491,-100,-100,0,14.4,0,14.4,NAN,0,587,-100,-100,-144.9
"2026-06-21 20:00:00",34492,-100,-100,0,14.4,0,14.4,NAN,0,584.6,-100,-100,-144.9
"2026-06-21 21:00:00",34493,-100,-100,0,14.4,0,14.4,NAN,0,581.8,-100,-100,-144.9
"2026-06-21 22:00:00",34494,-100,-100,0,14.4,0,14.4,NAN,0,579.5,-100,-100,-144.9
"2026-06-22 09:00:00",34495,-100,-100,186.9,14.4,0,14.4,NAN,0,574,-100,-100,-144.9
"2026-06-22 10:00:00",34496,-100,-100,308.4,14.4,0,14.4,NAN,0,581.7,-100,-100,-144.9
"2026-06-22 11:00:00",34497,-100,-100,417.8,14.4,0,14.4,NAN,0,585.5,-100,-100,-144.9
"2026-06-22 12:00:00",34498,-100,-100,511.1,14.4,0,14.4,NAN,0,587.7,-100,-100,-144.9
"2026-06-22 13:00:00",34499,-100,-100,548.2,14.4,0,14.4,NAN,0,588.8,-100,-100,-144.9
"2026-06-22 14:00:00",34500,-100,-100,365.9,14.4,0,14.4,NAN,0,589.8,-100,-100,-144.9
"2026-06-22 15:00:00",34501,-100,-100,199,14.4,0,14.4,NAN,0,588.4,-100,-100,-144.9
"2026-06-22 16:00:00",34502,-100,-100,72.92,14.4,0,14.4,NAN,0,585.6,-100,-100,-144.9
"2026-06-22 17:00:00",34503,-100,-100,28.45,14.4,0,14.4,NAN,0,583.3,-100,-100,-144.9
"2026-06-22 18:00:00",34504,-100,-100,3.955,14.4,0,14.4,NAN,0,582.8,-100,-100,-144.9
"2026-06-22 19:00:00",34505,-100,-100,0,14.4,0,14.4,NAN,0,580.6,-100,-100,-144.9
"2026-06-22 20:00:00",34506,-100,-100,0,14.4,0,14.4,NAN,0,578.5,-100,-100,-144.9
"2026-06-22 21:00:00",34507,-100,-100,0,14.4,0,14.4,NAN,0.254,575.6,-100,-100,-144.9
"2026-06-23 10:00:00",34508,-100,-100,201.5,14.4,0,14.4,NAN,0,601.7,-100,-100,-144.9
"2026-06-23 11:00:00",34509,-100,-100,248.4,14.4,0,14.4,NAN,0,596.1,-100,-100,-144.9
"2026-06-23 12:00:00",34510,-100,-100,306.5,14.4,0,14.4,NAN,0,601.5,-100,-100,-144.9
"2026-06-23 13:00:00",34511,-100,-100,161.5,14.4,0,14.4,NAN,0,600.9,-100,-100,-144.9
"2026-06-23 14:00:00",34512,-100,-100,157.2,14.4,0,14.4,NAN,0,595.2,-100,-100,-144.9
"2026-06-23 15:00:00",34513,-100,-100,169.2,14.4,0,14.4,NAN,0,593.8,-100,-100,-144.9
"2026-06-23 16:00:00",34514,-100,-100,79.18,14.4,0,14.4,NAN,0,594.1,-100,-100,-144.9
"2026-06-24 11:00:00",34515,-100,-100,256.2,14.4,0,14.4,NAN,0,594.6,-100,-100,-144.9
"2026-06-24 12:00:00",34516,-100,-100,264.5,14.4,0,14.4,NAN,0,596.2,-100,-100,-144.9
"2026-06-24 13:00:00",34517,-100,-100,280.1,14.4,0,14.4,NAN,0,595.5,-100,-100,-144.9
"2026-06-24 14:00:00",34518,-100,-100,292.4,14.4,0,14.4,NAN,0,595.4,-100,-100,-144.9
"2026-06-24 15:00:00",34519,-100,-100,254.3,14.4,0,14.4,NAN,0,596.3,-100,-100,-144.9
"2026-06-24 16:00:00",34520,-100,-100,244,14.4,0,14.4,NAN,0,595.5,-100,-100,-144.9
"2026-06-24 17:00:00",34521,-100,-100,103.6,14.4,0,14.4,NAN,0,594.5,-100,-100,-144.9
"2026-06-24 18:00:00",34522,-100,-100,23.99,14.4,0,14.4,NAN,0,592.9,-100,-100,-144.9
"2026-06-24 19:00:00",34523,-100,-100,0,14.4,0,14.4,NAN,0,593.5,-100,-100,-144.9
"2026-06-24 20:00:00",34524,-100,-100,0,14.4,0,14.4,NAN,0,593.1,-100,-100,-144.9
"2026-06-24 21:00:00",34525,-100,-100,0,14.4,0,14.4,NAN,0,592.1,-100,-100,-144.9
"2026-06-24 22:00:00",34526,-100,-100,0,14.4,0,14.4,NAN,0,588.6,-100,-100,-144.9
"2026-06-25 09:00:00",34527,-100,-100,169.4,14.4,0,14.4,NAN,0,583.4,-100,-100,-144.9
"2026-06-25 10:00:00",34528,-100,-100,225.3,14.4,0,14.4,NAN,0,570.5,-100,-100,-144.9
"2026-06-25 11:00:00",34529,-100,-100,326.1,14.4,0,14.4,NAN,0,578.6,-100,-100,-144.9
"2026-06-25 12:00:00",34530,-100,-100,460.4,14.4,0,14.4,NAN,0,582.3,-100,-100,-144.9
"2026-06-25 13:00:00",34531,-100,-100,527.7,14.4,0,14.4,NAN,0,585.8,-100,-100,-144.9
"2026-06-25 14:00:00",34532,-100,-100,428.7,14.4,0,14.4,NAN,0,588.7,-100,-100,-144.9
"2026-06-25 15:00:00",34533,-100,-100,457.8,14.4,0,14.4,NAN,0,591,-100,-100,-144.9
"2026-06-25 16:00:00",34534,-100,-100,359.1,14.4,0,14.4,NAN,0,594.1,-100,-100,-144.9
"2026-06-25 17:00:00",34535,-100,-100,187.3,14.4,0,14.4,NAN,0,594.9,-100,-100,-144.9
"2026-06-25 18:00:00",34536,-100,-100,16.98,14.4,0,14.4,NAN,0,590,-100,-100,-144.9
"2026-06-25 19:00:00",34537,-100,-100,0,14.4,0,14.4,NAN,0,586.7,-100,-100,-144.9
"2026-06-25 20:00:00",34538,-100,-100,0,14.4,0,14.4,NAN,0,583.8,-100,-100,-144.9
"2026-06-25 21:00:00",34539,-100,-100,0,14.4,0,14.4,NAN,0,583.6,-100,-100,-144.9
"2026-06-25 22:00:00",34540,-100,-100,0,14.4,0,14.4,NAN,0,582.1,-100,-100,-144.9
"2026-06-26 09:00:00",34541,-100,-100,172,14.4,0,14.4,NAN,0,565.3,-100,-100,-144.9
"2026-06-26 10:00:00",34542,-100,-100,180.8,14.4,0,14.4,NAN,0,570.4,-100,-100,-144.9
"2026-06-26 11:00:00",34543,-100,-100,265.3,14.4,0,14.4,NAN,0,575.7,-100,-100,-144.9
"2026-06-26 12:00:00",34544,-100,-100,450.3,14.4,0,14.4,NAN,0,577.3,-100,-100,-144.9
"2026-06-26 13:00:00",34545,-100,-100,604.5,14.4,0,14.4,NAN,0,582.4,-100,-100,-144.9
"2026-06-26 14:00:00",34546,-100,-100,554.2,14.4,0,14.4,NAN,0,586.3,-100,-100,-144.9
"2026-06-26 15:00:00",34547,-100,-100,460.2,14.4,0,14.4,NAN,0,590.3,-100,-100,-144.9
"2026-06-26 16:00:00",34548,-100,-100,335.5,14.4,0,14.4,NAN,0,591.9,-100,-100,-144.9
"2026-06-26 17:00:00",34549,-100,-100,160.9,14.4,0,14.4,NAN,0,591.5,-100,-100,-144.9
"2026-06-26 18:00:00",34550,-100,-100,11.35,14.4,0,14.4,NAN,0,587.6,-100,-100,-144.9
"2026-06-26 19:00:00",34551,-100,-100,0,14.4,0,14.4,NAN,0,583.7,-100,-100,-144.9
"2026-06-26 20:00:00",34552,-100,-100,0,14.4,0,14.4,NAN,0,581.5,-100,-100,-144.9
"2026-06-26 21:00:00",34553,-100,-100,0,14.4,0,14.4,NAN,0,581.1,-100,-100,-144.9
"2026-06-26 22:00:00",34554,-100,-100,0,14.4,0,14.4,NAN,0,577.2,-100,-100,-144.9
"2026-06-27 09:00:00",34555,-100,-100,192.3,14.4,0,14.4,NAN,0,566.9,-100,-100,-144.9
"2026-06-27 10:00:00",34556,-100,-100,349.7,14.4,0,14.4,NAN,0,572.5,-100,-100,-144.9
"2026-06-27 11:00:00",34557,-100,-100,435.6,14.4,0,14.4,NAN,0,581.6,-100,-100,-144.9
"2026-06-27 12:00:00",34558,-100,-100,571,14.4,0,14.4,NAN,0,585.3,-100,-100,-144.9
"2026-06-27 13:00:00",34559,-100,-100,523.4,14.4,0,14.4,NAN,0,588.2,-100,-100,-144.9
"2026-06-27 14:00:00",34560,-100,-100,480.7,14.4,0,14.4,NAN,0,590.1,-100,-100,-144.9
"2026-06-27 15:00:00",34561,-100,-100,290.6,14.4,0,14.4,NAN,0,591.8,-100,-100,-144.9
"2026-06-27 16:00:00",34562,-100,-100,122.5,14.4,0,14.4,NAN,0,585.8,-100,-100,-144.9
"2026-06-27 17:00:00",34563,-100,-100,51.09,14.4,0,14.4,NAN,0,582.1,-100,-100,-144.9
"2026-06-27 18:00:00",34564,-100,-100,15.55,14.4,0,14.4,NAN,0,579.5,-100,-100,-144.9
"2026-06-27 19:00:00",34565,-100,-100,0,14.4,0,14.4,NAN,0,578.5,-100,-100,-144.9
"2026-06-27 20:00:00",34566,-100,-100,0,14.4,0,14.4,NAN,0,575.7,-100,-100,-144.9
"2026-06-27 21:00:00",34567,-100,-100,0,14.4,0,14.4,NAN,0,573.1,-100,-100,-144.9
"2026-06-28 09:00:00",34568,-100,-100,106.1,14.4,0,14.4,NAN,0,609.5,-100,-100,-144.9
"2026-06-28 10:00:00",34569,-100,-100,358.9,14.4,0,14.4,NAN,0,581.3,-100,-100,-144.9
"2026-06-28 11:00:00",34570,-100,-100,452.5,14.4,0,14.4,NAN,0,589.7,-100,-100,-144.9
"2026-06-28 12:00:00",34571,-100,-100,579.7,14.4,0,14.4,NAN,0,592,-100,-100,-144.9
"2026-06-28 13:00:00",34572,-100,-100,482.5,14.4,0,14.4,NAN,0,591.9,-100,-100,-144.9
"2026-06-28 14:00:00",34573,-100,-100,530.4,14.4,0,14.4,NAN,0,593.9,-100,-100,-144.9
"2026-06-28 15:00:00",34574,-100,-100,479.5,14.4,0,14.4,NAN,0,595.2,-100,-100,-144.9
"2026-06-28 16:00:00",34575,-100,-100,226.7,14.4,0,14.4,NAN,0,594.2,-100,-100,-144.9
"2026-06-28 17:00:00",34576,-100,-100,226.9,14.4,0,14.4,NAN,0,589.6,-100,-100,-144.9
"2026-06-28 18:00:00",34577,-100,-100,20.6,14.4,0,14.4,NAN,0,586.2,-100,-100,-144.9
"2026-06-28 19:00:00",34578,-100,-100,0,14.4,0,14.4,NAN,0,584,-100,-100,-144.9
"2026-06-28 20:00:00",34579,-100,-100,0.276,14.4,0,14.4,NAN,0,589.3,-100,-100,-144.9
"2026-06-28 21:00:00",34580,-100,-100,0.669,14.4,0,14.4,NAN,2.032,579.8,-100,-100,-144.9
"2026-06-28 22:00:00",34581,-100,-100,0.386,14.4,0,14.4,NAN,0.254,577.7,-100,-100,-144.9
"2026-06-28 23:00:00",34582,-100,-100,0,14.4,0,14.4,NAN,0.254,575.3,-100,-100,-144.9
"2026-06-29 13:00:00",34583,-100,-100,93,14.4,0,14.4,NAN,0,625.9,-100,-100,-144.9
"2026-06-30 10:00:00",34584,-100,-100,202.9,14.4,0,14.4,NAN,0,606.7,-100,-100,-144.9
"2026-06-30 11:00:00",34585,-100,-100,246.1,14.4,0,14.4,NAN,0,598.6,-100,-100,-144.9
"2026-06-30 12:00:00",34586,-100,-100,266,14.4,0,14.4,NAN,0,596.3,-100,-100,-144.9
"2026-06-30 13:00:00",34587,-100,-100,225.4,14.4,0,14.4,NAN,0,599.5,-100,-100,-144.9
"2026-06-30 14:00:00",34588,-100,-100,159,14.4,0,14.4,NAN,0,597.9,-100,-100,-144.9
"2026-06-30 15:00:00",34589,-100,-100,128.3,14.4,0,14.4,NAN,0,595.5,-100,-100,-144.9
"2026-06-30 16:00:00",34590,-100,-100,69.31,14.4,0,14.4,NAN,0,593.8,-100,-100,-144.9
"2026-06-30 17:00:00",34591,-100,-100,51.27,14.4,0,14.4,NAN,0,591.3,-100,-100,-144.9
"2026-06-30 18:00:00",34592,-100,-100,6.233,14.4,0,14.4,NAN,0,589.8,-100,-100,-144.9
"2026-07-01 08:00:00",34593,-100,-100,109.6,14.4,0,14.4,NAN,0,610.7,-100,-100,-144.9
"2026-07-01 09:00:00",34594,-100,-100,189,14.4,0,14.4,NAN,0,576.2,-100,-100,-144.9
"2026-07-01 10:00:00",34595,-100,-100,284.5,8.92,0,14.4,NAN,0,586.4,-100,-100,-126.7
"2026-07-01 11:00:00",34596,-100,-100,340.2,4.489,136.4,8.42,152,0,586.8,-100,-100,-131.1
"2026-07-01 12:00:00",34597,-100,-100,550.9,6.007,28.44,13.72,27,0,589.5,-100,-100,-131.3
"2026-07-01 13:00:00",34598,-100,-100,586.2,6.139,37.56,12.64,27,0,591.2,-100,-100,-136.5
"2026-07-01 14:00:00",34599,-100,-100,542.5,6.422,26.36,13.75,14,0,593.1,-100,-100,-131.4
"2026-07-01 15:00:00",34600,-100,-100,465.5,7.383,29.02,12.2,37,0,595,-100,-100,-136
"2026-07-01 16:00:00",34601,-100,-100,348,6.798,26.1,11.84,36,0,594.1,-100,-100,-130.5
"2026-07-01 17:00:00",34602,-100,-100,199.2,5.579,13.31,10.91,33,0,590.6,-100,-100,-128.5
"2026-07-01 18:00:00",34603,-100,-100,23.48,3.846,68.64,7.956,107,0,585.6,-100,-100,-131.8
"2026-07-01 19:00:00",34604,-100,-100,0,2.286,190.6,6.984,124,0,583.5,-100,-100,-100
"2026-07-01 20:00:00",34605,-100,-100,0,2.006,163.5,4.896,219,0,583.2,-100,-100,-100
"2026-07-01 21:00:00",34606,-100,-100,0.063,2.673,182.9,6.048,144,0,581.4,-100,-100,-132.5
"2026-07-01 22:00:00",34607,-100,-100,0,4.432,160.2,6.768,178,0,579.2,-100,-100,-131.6
"2026-07-01 23:00:00",34608,-100,-100,0.01,6.57,146.5,10.48,174,0,577.4,-100,-100,-118.2
"2026-07-02 00:00:00",34609,-100,-100,0,5.756,157.4,9,161,0,576.1,-100,-100,-137.2
"2026-07-02 10:00:00",34610,-100,-100,127.2,0.9,79,0.9,79,0,615,-100,-100,-100
"2026-07-02 11:00:00",34611,-100,-100,147.7,0.468,193,0.468,193,0,612.4,-100,-100,-100
"2026-07-02 12:00:00",34612,-100,-100,191.9,3.059,190.8,5.94,217,0,601.3,-100,-100,-125.6
"2026-07-02 13:00:00",34613,-100,-100,154.8,3.848,0,7.884,34,0,601.6,-100,-100,-124.3
"2026-07-02 14:00:00",34614,-100,-100,177.3,4.005,356.7,9.18,37,0,597.9,-100,-100,-125.1
"2026-07-02 15:00:00",34615,-100,-100,130.7,3.252,0,6.444,167,0,595.8,-100,-100,-123
"2026-07-02 16:00:00",34616,-100,-100,99.1,2.577,214.6,5.436,193,0,593.8,-100,-100,-100
"2026-07-03 14:00:00",34617,-100,-100,93.1,5.256,87,5.256,87,0,627.9,-100,-100,-130.6
"2026-07-04 10:00:00",34618,-100,-100,104.1,0.756,332,0.756,332,0,616.1,-100,-100,-100
"2026-07-04 11:00:00",34619,-100,-100,200.4,4.155,58.28,5.976,49,0,604.5,-100,-100,-122.7
"2026-07-04 12:00:00",34620,-100,-100,278.5,4.611,41.28,7.92,76,0,596.8,-100,-100,-136.2
"2026-07-04 13:00:00",34621,-100,-100,421.3,5.361,34.34,10.04,34,0,597.7,-100,-100,-128
"2026-07-04 14:00:00",34622,-100,-100,396.5,6.052,0,12.42,25,0,599.1,-100,-100,-137.9
"2026-07-04 15:00:00",34623,-100,-100,336.3,6.96,7.659,13.36,357,0,599.4,-100,-100,-141.8
"2026-07-04 16:00:00",34624,-100,-100,170.1,7.706,25.52,14.83,14,0,598,-100,-100,-127.2
"2026-07-04 17:00:00",34625,-100,-100,68.83,8.84,16.09,14.44,24,0,595.7,-100,-100,-137.3
"2026-07-04 18:00:00",34626,-100,-100,15.04,6.649,14.64,12.46,28,0,593.9,-100,-100,-137
"2026-07-04 19:00:00",34627,-100,-100,0,5.782,12.59,10.3,21,0,592.5,-100,-100,-125.8
"2026-07-04 20:00:00",34628,-100,-100,0,3.41,18.35,6.624,8,0,589.3,-100,-100,-119.4
"2026-07-04 21:00:00",34629,-100,-100,0,3.641,12.56,6.84,11,0,587,-100,-100,-125.6
"2026-07-05 09:00:00",34630,-100,-100,65.18,1.368,5,1.368,5,0,619.6,-100,-100,-114.8
"2026-07-05 10:00:00",34631,-100,-100,111.9,0.792,183,0.792,183,0,613.8,-100,-100,-100
"2026-07-05 13:00:00",34632,-100,-100,60.02,5.076,148,5.076,148,0,629,-100,-100,-130.2
"2026-07-05 14:00:00",34633,-100,-100,294.6,3.731,60.29,10.15,29,0,602.3,-100,-100,-134.6
"2026-07-05 15:00:00",34634,-100,-100,280.1,7.208,12.1,14.62,23,0,603,-100,-100,-135.6
"2026-07-05 16:00:00",34635,-100,-100,190.4,6.71,15.8,11.66,333,0,604.7,-100,-100,-124
"2026-07-05 17:00:00",34636,-100,-100,69.53,5.594,17.08,9.07,15,0,603.1,-100,-100,-131.3
"2026-07-05 18:00:00",34637,-100,-100,9.36,4.222,2.46,7.02,13,0,600.8,-100,-100,-131.2
"2026-07-06 09:00:00",34638,-100,-100,176.5,1.247,0,3.564,107,0,575.4,-100,-100,-116.6
"2026-07-06 10:00:00",34639,-100,-100,327.7,3.488,74.04,11.34,56,0,586.7,-100,-100,-132.2
"2026-07-06 11:00:00",34640,-100,-100,330.6,4.786,42.09,9.76,31,0,593,-100,-100,-129.3
"2026-07-06 12:00:00",34641,-100,-100,513.4,4.737,49.81,8.6,36,0,592.2,-100,-100,-123
"2026-07-06 13:00:00",34642,-100,-100,544,6.342,54.7,12.53,27,0,593.6,-100,-100,-133.1
"2026-07-06 14:00:00",34643,-100,-100,439.1,7.088,46.5,11.99,37,0,597.6,-100,-100,-125.3
"2026-07-06 15:00:00",34644,-100,-100,203.3,3.785,0,11.59,56,0,593.2,-100,-100,-125.6
"2026-07-06 16:00:00",34645,-100,-100,145.2,6.143,27.65,10.94,355,0,591.1,-100,-100,-133.2
"2026-07-06 17:00:00",34646,-100,-100,57.13,4.388,30.15,9.32,38,0,589.1,-100,-100,-128.2
"2026-07-06 18:00:00",34647,-100,-100,6.051,2.081,48.25,5.04,38,0,587.8,-100,-100,-119.8
"2026-07-06 19:00:00",34648,-100,-100,0,2.603,14.39,5.4,191,0,587,-100,-100,-118.6
"2026-07-06 20:00:00",34649,-100,-100,0,4.127,205.4,6.876,202,3.302,584.7,-100,-100,-125.3
"2026-07-06 21:00:00",34650,-100,-100,0,3.028,41.26,6.48,17,1.778,583.7,-100,-100,-128.7
"2026-07-06 22:00:00",34651,-100,-100,0,7.319,49.35,19.48,10,1.524,580.9,-100,-100,-122.2
"2026-07-07 12:00:00",34652,-100,-100,186.1,14.4,0,14.4,NAN,0,615.6,-100,-100,-144.9
"2026-07-07 13:00:00",34653,-100,-100,210.6,14.4,0,14.4,NAN,0,603.9,-100,-100,-144.9
"2026-07-07 14:00:00",34654,-100,-100,401.2,14.4,0,14.4,NAN,0,595.1,-100,-100,-144.9
"2026-07-07 15:00:00",34655,-100,-100,539.4,14.4,0,14.4,NAN,0,600.8,-100,-100,-144.9
"2026-07-07 16:00:00",34656,-100,-100,372.6,14.4,0,14.4,NAN,0,603,-100,-100,-144.9
"2026-07-07 17:00:00",34657,-100,-100,142.6,14.4,0,14.4,NAN,0,602.5,-100,-100,-144.9
"2026-07-07 18:00:00",34658,-100,-100,17.42,14.4,0,14.4,NAN,0,597.8,-100,-100,-144.9
"2026-07-07 19:00:00",34659,-100,-100,0,14.4,0,14.4,NAN,0,594.6,-100,-100,-144.9
"2026-07-07 20:00:00",34660,-100,-100,0,14.4,0,14.4,NAN,0,591.5,-100,-100,-144.9
"2026-07-07 21:00:00",34661,-100,-100,0,14.4,0,14.4,NAN,0,591.5,-100,-100,-144.9
"2026-07-08 09:00:00",34662,-100,-100,187.4,14.4,0,14.4,NAN,0,593.5,-100,-100,-144.9
"2026-07-08 10:00:00",34663,-100,-100,243.2,14.4,0,14.4,NAN,0,575.3,-100,-100,-144.9
"2026-07-08 11:00:00",34664,-100,-100,447.4,14.4,0,14.4,NAN,0,575.7,-100,-100,-144.9
"2026-07-08 12:00:00",34665,-100,-100,585,14.4,0,14.4,NAN,0,583.1,-100,-100,-144.9
"2026-07-08 13:00:00",34666,-100,-100,611.9,14.4,0,14.4,NAN,0,588.4,-100,-100,-144.9
"2026-07-08 14:00:00",34667,-100,-100,581.4,14.4,0,14.4,NAN,0,591.2,-100,-100,-144.9
"2026-07-08 15:00:00",34668,-100,-100,496.2,14.4,0,14.4,NAN,0,594.4,-100,-100,-144.9
"2026-07-08 16:00:00",34669,-100,-100,366.9,14.4,0,14.4,NAN,0,597.9,-100,-100,-144.9
"2026-07-08 17:00:00",34670,-100,-100,192.2,14.4,0,14.4,NAN,0,598.9,-100,-100,-144.9
"2026-07-08 18:00:00",34671,-100,-100,18.18,14.4,0,14.4,NAN,0,599.1,-100,-100,-144.9
"2026-07-08 19:00:00",34672,-100,-100,0,14.4,0,14.4,NAN,0,594.8,-100,-100,-144.9
"2026-07-08 20:00:00",34673,-100,-100,0,14.4,0,14.4,NAN,0,587.3,-100,-100,-144.9
"2026-07-08 21:00:00",34674,-100,-100,0,14.4,0,14.4,NAN,0,586.3,-100,-100,-144.9
"2026-07-08 22:00:00",34675,-100,-100,0,14.4,0,14.4,NAN,0,582.8,-100,-100,-144.9
"2026-07-09 09:00:00",34676,-100,-100,130.8,14.4,0,14.4,NAN,0,616.5,-100,-100,-144.9
"2026-07-09 10:00:00",34677,-100,-100,247.5,14.4,0,14.4,NAN,0,590.4,-100,-100,-144.9
"2026-07-09 11:00:00",34678,-100,-100,480.9,14.4,0,14.4,NAN,0,580.9,-100,-100,-144.9
"2026-07-09 12:00:00",34679,-100,-100,514.6,14.4,0,14.4,NAN,0,588.5,-100,-100,-144.9
"2026-07-09 13:00:00",34680,-100,-100,593.3,14.4,0,14.4,NAN,0,591.4,-100,-100,-144.9
"2026-07-09 14:00:00",34681,-100,-100,576.6,14.4,0,14.4,NAN,0,595.1,-100,-100,-144.9
"2026-07-09 15:00:00",34682,-100,-100,503.9,14.4,0,14.4,NAN,0,596.4,-100,-100,-144.9
"2026-07-09 16:00:00",34683,-100,-100,353.6,14.4,0,14.4,NAN,0,598.2,-100,-100,-144.9
"2026-07-09 17:00:00",34684,-100,-100,188.1,14.4,0,14.4,NAN,0,598.4,-100,-100,-144.9
"2026-07-09 18:00:00",34685,-100,-100,21.38,14.4,0,14.4,NAN,0,593.6,-100,-100,-144.9
"2026-07-09 19:00:00",34686,-100,-100,0,14.4,0,14.4,NAN,0,588.3,-100,-100,-144.9
"2026-07-09 20:00:00",34687,-100,-100,0,14.4,0,14.4,NAN,0,585.2,-100,-100,-144.9
"2026-07-09 21:00:00",34688,-100,-100,0,14.4,0,14.4,NAN,0,583.2,-100,-100,-144.9
"2026-07-09 22:00:00",34689,-100,-100,0,14.4,0,14.4,NAN,0,583.5,-100,-100,-144.9
"2026-07-10 08:00:00",34690,-100,-100,76.44,14.4,0,14.4,NAN,0,624.4,-100,-100,-144.9
"2026-07-10 09:00:00",34691,-100,-100,264.5,14.4,0,14.4,NAN,0,584.9,-100,-100,-144.9
"2026-07-10 10:00:00",34692,-100,-100,159,14.4,0,14.4,NAN,0,589.5,-100,-100,-144.9
"2026-07-10 11:00:00",34693,-100,-100,187.3,14.4,0,14.4,NAN,0,588.7,-100,-100,-144.9
"2026-07-10 12:00:00",34694,-100,-100,150.3,14.4,0,14.4,NAN,0,589.7,-100,-100,-144.9
"2026-07-10 13:00:00",34695,-100,-100,242.6,14.4,0,14.4,NAN,0,587.5,-100,-100,-144.9
"2026-07-10 14:00:00",34696,-100,-100,60.85,14.4,0,14.4,NAN,0,592.6,-100,-100,-144.9
"2026-07-11 12:00:00",34697,-100,-100,93.1,14.4,0,14.4,NAN,0,625,-100,-100,-144.9
"2026-07-12 11:00:00",34698,-100,-100,201.4,14.4,0,14.4,NAN,0,612.9,-100,-100,-144.9
"2026-07-12 12:00:00",34699,-100,-100,323.5,14.4,0,14.4,NAN,0,598.3,-100,-100,-144.9
"2026-07-12 13:00:00",34700,-100,-100,544.7,14.4,0,14.4,NAN,0,597.5,-100,-100,-144.9
"2026-07-12 14:00:00",34701,-100,-100,567.1,14.4,0,14.4,NAN,0,601.4,-100,-100,-144.9
"2026-07-12 15:00:00",34702,-100,-100,530.3,14.4,0,14.4,NAN,0,604.5,-100,-100,-144.9
"2026-07-12 16:00:00",34703,-100,-100,298.4,14.4,0,14.4,NAN,0,605.5,-100,-100,-144.9
"2026-07-12 17:00:00",34704,-100,-100,104,14.4,0,14.4,NAN,0,594.4,-100,-100,-144.9
"2026-07-12 18:00:00",34705,-100,-100,26.9,14.4,0,14.4,NAN,0,591.3,-100,-100,-144.9
"2026-07-12 19:00:00",34706,-100,-100,0.155,14.4,0,14.4,NAN,0,590.3,-100,-100,-144.9
"2026-07-12 20:00:00",34707,-100,-100,0,14.4,0,14.4,NAN,0,590.3,-100,-100,-144.9
"2026-07-12 21:00:00",34708,-100,-100,0,14.4,0,14.4,NAN,0,589.7,-100,-100,-144.9
"2026-07-12 22:00:00",34709,-100,-100,0,14.4,0,14.4,NAN,0,593.4,-100,-100,-144.9
"2026-07-13 08:00:00",34710,-100,-100,84,14.4,0,14.4,NAN,0,613.9,-100,-100,-144.9
"2026-07-13 09:00:00",34711,-100,-100,183.6,14.4,0,14.4,NAN,0,572,-100,-100,-144.9
"2026-07-13 10:00:00",34712,-100,-100,362.4,14.4,0,14.4,NAN,0,574.7,-100,-100,-144.9
"2026-07-13 11:00:00",34713,-100,-100,509.8,14.4,0,14.4,NAN,0,586.2,-100,-100,-144.9
"2026-07-13 12:00:00",34714,-100,-100,600.2,14.4,0,14.4,NAN,0,586.7,-100,-100,-144.9
"2026-07-13 13:00:00",34715,-100,-100,639.2,14.4,0,14.4,NAN,0,588.1,-100,-100,-144.9
"2026-07-13 14:00:00",34716,-100,-100,592.1,14.4,0,14.4,NAN,0,591.8,-100,-100,-144.9
"2026-07-13 15:00:00",34717,-100,-100,518.3,14.4,0,14.4,NAN,0,595.7,-100,-100,-144.9
"2026-07-13 16:00:00",34718,-100,-100,380,14.4,0,14.4,NAN,0,600,-100,-100,-144.9
"2026-07-13 17:00:00",34719,-100,-100,209.5,14.4,0,14.4,NAN,0,602,-100,-100,-144.9
"2026-07-13 18:00:00",34720,-100,-100,28.69,14.4,0,14.4,NAN,0,598.3,-100,-100,-144.9
"2026-07-13 19:00:00",34721,-100,-100,0,14.4,0,14.4,NAN,0,592,-100,-100,-144.9
"2026-07-13 20:00:00",34722,-100,-100,0,14.4,0,14.4,NAN,0,588.5,-100,-100,-144.9
"2026-07-13 21:00:00",34723,-100,-100,0,14.4,0,14.4,NAN,0,585.6,-100,-100,-144.9
"2026-07-13 22:00:00",34724,-100,-100,0,14.4,0,14.4,NAN,0,584.8,-100,-100,-144.9
"2026-07-14 08:00:00",34725,-100,-100,41.93,14.4,0,14.4,NAN,0,618.2,-100,-100,-144.9
"2026-07-14 09:00:00",34726,-100,-100,142.8,14.4,0,14.4,NAN,0,605.9,-100,-100,-144.9
"2026-07-14 10:00:00",34727,-100,-100,256.6,14.4,0,14.4,NAN,0,592,-100,-100,-144.9
"2026-07-14 11:00:00",34728,-100,-100,315.5,14.4,0,14.4,NAN,0,589,-100,-100,-144.9
"2026-07-14 12:00:00",34729,-100,-100,334.8,14.4,0,14.4,NAN,0,590.3,-100,-100,-144.9
"2026-07-14 13:00:00",34730,-100,-100,522.1,14.4,0,14.4,NAN,0,588.8,-100,-100,-144.9
"2026-07-14 14:00:00",34731,-100,-100,523.8,14.4,0,14.4,NAN,0,592,-100,-100,-144.9
"2026-07-14 15:00:00",34732,-100,-100,495.6,14.4,0,14.4,NAN,0,594.9,-100,-100,-144.9
"2026-07-14 16:00:00",34733,-100,-100,204.3,14.4,0,14.4,NAN,0,597.6,-100,-100,-144.9
"2026-07-14 17:00:00",34734,-100,-100,86,14.4,0,14.4,NAN,0,591.9,-100,-100,-144.9
"2026-07-14 18:00:00",34735,-100,-100,14.66,14.4,0,14.4,NAN,0,588.7,-100,-100,-144.9
"2026-07-14 19:00:00",34736,-100,-100,0,14.4,0,14.4,NAN,0,588.3,-100,-100,-144.9
"2026-07-14 20:00:00",34737,-100,-100,0,14.4,0,14.4,NAN,0,591.8,-100,-100,-144.9
"2026-07-14 21:00:00",34738,-100,-100,0.104,14.4,0,14.4,NAN,0,591.4,-100,-100,-144.9
"2026-07-14 22:00:00",34739,-100,-100,0,14.4,0,14.4,NAN,0,586.8,-100,-100,-144.9
"2026-07-15 09:00:00",34740,-100,-100,155.9,14.4,0,14.4,NAN,0,612.9,-100,-100,-144.9
"2026-07-15 10:00:00",34741,-100,-100,206,14.4,0,14.4,NAN,0,593.9,-100,-100,-144.9
"2026-07-15 11:00:00",34742,-100,-100,335.6,14.4,0,14.4,NAN,0,590.3,-100,-100,-144.9
"2026-07-15 12:00:00",34743,-100,-100,415.2,14.4,0,14.4,NAN,0,590.6,-100,-100,-144.9
"2026-07-15 13:00:00",34744,-100,-100,548.7,14.4,0,14.4,NAN,0,593.9,-100,-100,-144.9
"2026-07-15 14:00:00",34745,-100,-100,259.3,14.4,0,14.4,NAN,0,593.7,-100,-100,-144.9
"2026-07-15 15:00:00",34746,-100,-100,220.1,14.4,0,14.4,NAN,0,590,-100,-100,-144.9
"2026-07-15 16:00:00",34747,-100,-100,195.3,14.4,0,14.4,NAN,0,585.1,-100,-100,-144.9
"2026-07-15 17:00:00",34748,-100,-100,75.34,14.4,0,14.4,NAN,0,587,-100,-100,-144.9
"2026-07-15 18:00:00",34749,-100,-100,22.99,14.4,0,14.4,NAN,0,586,-100,-100,-144.9
"2026-07-15 19:00:00",34750,-100,-100,0.001,14.4,0,14.4,NAN,0,584.5,-100,-100,-144.9
"2026-07-15 20:00:00",34751,-100,-100,0,14.4,0,14.4,NAN,0,584,-100,-100,-144.9
"2026-07-15 21:00:00",34752,-100,-100,0,14.4,0,14.4,NAN,0,581.8,-100,-100,-144.9
"2026-07-15 22:00:00",34753,-100,-100,0,14.4,0,14.4,NAN,0,580.6,-100,-100,-144.9
"2026-07-16 09:00:00",34754,-100,-100,123.5,14.4,0,14.4,NAN,0,619.8,-100,-100,-144.9
"2026-07-16 10:00:00",34755,-100,-100,239.8,14.4,0,14.4,NAN,0,601.1,-100,-100,-144.9
"2026-07-16 11:00:00",34756,-100,-100,459.8,14.4,0,14.4,NAN,0,583,-100,-100,-144.9
"2026-07-16 12:00:00",34757,-100,-100,598.3,14.4,0,14.4,NAN,0,591.9,-100,-100,-144.9
"2026-07-16 13:00:00",34758,-100,-100,623.2,14.4,0,14.4,NAN,0,594.4,-100,-100,-144.9
"2026-07-16 14:00:00",34759,-100,-100,585.9,14.4,0,14.4,NAN,0,597.6,-100,-100,-144.9
"2026-07-16 15:00:00",34760,-100,-100,501.1,14.4,0,14.4,NAN,0,599.7,-100,-100,-144.9
"2026-07-16 16:00:00",34761,-100,-100,372.8,14.4,0,14.4,NAN,0,601.5,-100,-100,-144.9
"2026-07-16 17:00:00",34762,-100,-100,205.5,14.4,0,14.4,NAN,0,601.6,-100,-100,-144.9
"2026-07-16 18:00:00",34763,-100,-100,30.9,14.4,0,14.4,NAN,0,595.7,-100,-100,-144.9
"2026-07-16 19:00:00",34764,-100,-100,0,14.4,0,14.4,NAN,0,589.7,-100,-100,-144.9
"2026-07-16 20:00:00",34765,-100,-100,0,14.4,0,14.4,NAN,0,588.9,-100,-100,-144.9
"2026-07-16 21:00:00",34766,-100,-100,0.001,14.4,0,14.4,NAN,0,586.2,-100,-100,-144.9
"2026-07-16 22:00:00",34767,-100,-100,0,14.4,0,14.4,NAN,0,581.7,-100,-100,-144.9
"2026-07-16 23:00:00",34768,-100,-100,0,14.4,0,14.4,NAN,0,582.2,-100,-100,-144.9
"2026-07-17 11:00:00",34769,-100,-100,153.1,14.4,0,14.4,NAN,0,613.3,-100,-100,-144.9
"2026-07-17 12:00:00",34770,-100,-100,197.5,14.4,0,14.4,NAN,0,613.3,-100,-100,-144.9
"2026-07-17 13:00:00",34771,-100,-100,262,14.4,0,14.4,NAN,0,600.3,-100,-100,-144.9
"2026-07-17 14:00:00",34772,-100,-100,392.3,14.4,0,14.4,NAN,0,593.2,-100,-100,-144.9
"2026-07-17 15:00:00",34773,-100,-100,510.7,14.4,0,14.4,NAN,0,601.1,-100,-100,-144.9
"2026-07-17 16:00:00",34774,-100,-100,355.8,14.4,0,14.4,NAN,0,603.1,-100,-100,-144.9
"2026-07-17 17:00:00",34775,-100,-100,186.6,14.4,0,14.4,NAN,0,603.8,-100,-100,-144.9
"2026-07-17 18:00:00",34776,-100,-100,30.07,14.4,0,14.4,NAN,0,597.9,-100,-100,-144.9
"2026-07-17 19:00:00",34777,-100,-100,0,14.4,0,14.4,NAN,0,594,-100,-100,-144.9
"2026-07-17 20:00:00",34778,-100,-100,0,14.4,0,14.4,NAN,0,591.3,-100,-100,-144.9
"2026-07-17 21:00:00",34779,-100,-100,0,14.4,0,14.4,NAN,0,589.2,-100,-100,-144.9
"2026-07-17 22:00:00",34780,-100,-100,0,14.4,0,14.4,NAN,0,588.2,-100,-100,-144.9
"2026-07-18 09:00:00",34781,-100,-100,128.4,14.4,0,14.4,NAN,0,613.9,-100,-100,-144.9
"2026-07-18 10:00:00",34782,-100,-100,289.1,14.4,0,14.4,NAN,0,576,-100,-100,-144.9
"2026-07-18 11:00:00",34783,-100,-100,462.8,14.4,0,14.4,NAN,0,586.9,-100,-100,-144.9
"2026-07-18 12:00:00",34784,-100,-100,578.2,14.4,0,14.4,NAN,0,591.9,-100,-100,-144.9
"2026-07-18 13:00:00",34785,-100,-100,606.4,14.4,0,14.4,NAN,0,592.4,-100,-100,-144.9
"2026-07-18 14:00:00",34786,-100,-100,569.7,14.4,0,14.4,NAN,0,596.2,-100,-100,-144.9
"2026-07-18 15:00:00",34787,-100,-100,484.1,14.4,0,14.4,NAN,0,599.9,-100,-100,-144.9
"2026-07-18 16:00:00",34788,-100,-100,362,14.4,0,14.4,NAN,0,601.4,-100,-100,-144.9
"2026-07-18 17:00:00",34789,-100,-100,196.1,14.4,0,14.4,NAN,0,600.5,-100,-100,-144.9
"2026-07-18 18:00:00",34790,-100,-100,30.84,14.4,0,14.4,NAN,0,594,-100,-100,-144.9
"2026-07-18 19:00:00",34791,-100,-100,0,14.4,0,14.4,NAN,0,588,-100,-100,-144.9
"2026-07-18 20:00:00",34792,-100,-100,0,14.4,0,14.4,NAN,0,585.5,-100,-100,-144.9
"2026-07-18 21:00:00",34793,-100,-100,0,14.4,0,14.4,NAN,0,583.3,-100,-100,-144.9
"2026-07-18 22:00:00",34794,-100,-100,0,14.4,0,14.4,NAN,0,582.3,-100,-100,-144.9
"2026-07-18 23:00:00",34795,-100,-100,0,14.4,0,14.4,NAN,0,581.6,-100,-100,-144.9
"2026-07-19 08:00:00",34796,-100,-100,88.2,14.4,0,14.4,NAN,0,616.8,-100,-100,-144.9
"2026-07-19 09:00:00",34797,-100,-100,195.3,14.4,0,14.4,NAN,0,569.2,-100,-100,-144.9
"2026-07-19 10:00:00",34798,-100,-100,373.2,14.4,0,14.4,NAN,0,576.7,-100,-100,-144.9
"2026-07-19 11:00:00",34799,-100,-100,508.8,14.4,0,14.4,NAN,0,582.6,-100,-100,-144.9
"2026-07-19 12:00:00",34800,-100,-100,591.7,14.4,0,14.4,NAN,0,585.9,-100,-100,-144.9
"2026-07-19 13:00:00",34801,-100,-100,622.9,14.4,0,14.4,NAN,0,587.5,-100,-100,-144.9
"2026-07-19 14:00:00",34802,-100,-100,591.8,14.4,0,14.4,NAN,0,592.4,-100,-100,-144.9
"2026-07-19 15:00:00",34803,-100,-100,508.7,14.4,0,14.4,NAN,0,595.9,-100,-100,-144.9
"2026-07-19 16:00:00",34804,-100,-100,376.5,14.32,0,14.4,NAN,0,598.5,-100,-100,-130.7
"2026-07-19 17:00:00",34805,-100,-100,205.8,6.062,124.4,13,108,0,597.7,-100,-100,-128.1
"2026-07-19 18:00:00",34806,-100,-100,31.74,4.049,290.6,9.58,324,0,591.1,-100,-100,-127.5
"2026-07-19 19:00:00",34807,-100,-100,0,5.123,355.5,10.19,27,0,584,-100,-100,-120.4
"2026-07-19 20:00:00",34808,-100,-100,0,8.02,332.4,24.55,328,0,594.1,-100,-100,-139.9
"2026-07-19 21:00:00",34809,-100,-100,0,8.22,4.467,15.19,30,0,578.9,-100,-100,-134.9
"2026-07-19 22:00:00",34810,-100,-100,0,4.048,63.27,9.58,358,0,579.6,-100,-100,-119.6
"2026-07-19 23:00:00",34811,-100,-100,0,2.125,282.6,8.06,245,0,580.1,-100,-100,-100
"2026-07-20 00:00:00",34812,-100,-100,0,3.267,159.3,9.32,141,0,577.9,-100,-100,-122.5
"2026-07-20 01:00:00",34813,-100,-100,0,3.708,132,3.708,132,0,584.3,-100,-100,-126.2
"2026-07-20 08:00:00",34814,-100,-100,102.4,3.036,125.3,4.248,144,0,614.3,-100,-100,-121.6
"2026-07-20 09:00:00",34815,-100,-100,204.1,3.016,184.6,8.6,223,0,563.3,-100,-100,-127.1
"2026-07-20 10:00:00",34816,-100,-100,376.1,5.596,201.5,12.96,222,0,574.2,-100,-100,-128
"2026-07-20 11:00:00",34817,-100,-100,509.1,4.974,88.6,10.15,104,0,581.5,-100,-100,-139.7
"2026-07-20 12:00:00",34818,-100,-100,561.3,4.268,113.9,8.57,97,0,585.2,-100,-100,-132.9
"2026-07-20 13:00:00",34819,-100,-100,593.1,4.958,142.2,11.38,150,0,585.3,-100,-100,-115.9
"2026-07-20 14:00:00",34820,-100,-100,563.8,5,118,10.76,135,0,589.7,-100,-100,-123.3
"2026-07-20 15:00:00",34821,-100,-100,485.8,5.847,142.5,13.07,123,0,592.6,-100,-100,-127.1
"2026-07-20 16:00:00",34822,-100,-100,314.2,4.471,126.2,10.98,92,0,596.2,-100,-100,-126.5
"2026-07-20 17:00:00",34823,-100,-100,175.9,3.15,0,6.948,85,0,592.5,-100,-100,-122.4
"2026-07-20 18:00:00",34824,-100,-100,36.26,4.257,357.7,8.42,345,0,587.7,-100,-100,-131.2
"2026-07-20 19:00:00",34825,-100,-100,0,2.293,0,6.588,234,0,583.5,-100,-100,-128
"2026-07-20 20:00:00",34826,-100,-100,0,2.01,265.1,4.212,226,0,580.9,-100,-100,-115.6
"2026-07-20 21:00:00",34827,-100,-100,0,1.728,0,4.824,319,0,580.4,-100,-100,-100
"2026-07-20 22:00:00",34828,-100,-100,0,1.866,0,6.12,62,0,579.2,-100,-100,-123.9
"2026-07-20 23:00:00",34829,-100,-100,0,2.994,185.1,7.956,223,0,576,-100,-100,-124.7
"2026-07-21 00:00:00",34830,-100,-100,0,2.35,115.2,4.824,160,0,574.2,-100,-100,-122.5
"2026-07-21 01:00:00",34831,-100,-100,0,1.414,217.3,1.728,201,0,578.2,-100,-100,-100
"2026-07-21 08:00:00",34832,-100,-100,115.2,3.343,208.2,5.22,214,0,612.9,-100,-100,-129.4
"2026-07-21 09:00:00",34833,-100,-100,195.4,3.273,168.1,7.2,222,0,568.3,-100,-100,-100
"2026-07-21 10:00:00",34834,-100,-100,321.7,3.346,146.9,11.41,125,0,574.2,-100,-100,-133.6
"2026-07-21 11:00:00",34835,-100,-100,438.9,6.033,156.6,13.32,130,0,581.8,-100,-100,-129.6
"2026-07-21 12:00:00",34836,-100,-100,558.3,5.752,173.7,13.5,243,0,585.2,-100,-100,-129.7
"2026-07-21 13:00:00",34837,-100,-100,518.8,5.829,194.1,10.87,139,0,585.8,-100,-100,-135.4
"2026-07-21 14:00:00",34838,-100,-100,426.2,4.101,181.8,7.956,251,0,591.4,-100,-100,-124.8
"2026-07-21 15:00:00",34839,-100,-100,296.9,3.102,269.4,7.452,250,0,588,-100,-100,-115.6
"2026-07-21 16:00:00",34840,-100,-100,166,3.356,156.7,9.29,169,0,586.2,-100,-100,-129.1
"2026-07-21 17:00:00",34841,-100,-100,150.3,4.035,68.24,9.58,36,0,586,-100,-100,-100
"2026-07-21 18:00:00",34842,-100,-100,32.75,2.383,133.2,5.868,128,0,584.2,-100,-100,-100
"2026-07-21 19:00:00",34843,-100,-100,0,2.27,251.9,5.148,219,0,582.8,-100,-100,-115.1
"2026-07-21 20:00:00",34844,-100,-100,0,1.497,0,4.68,95,0,581.1,-100,-100,-100
"2026-07-21 21:00:00",34845,-100,-100,0,3.238,0,14.58,121,0,580.1,-100,-100,-125.5
"2026-07-21 22:00:00",34846,-100,-100,0,5.517,201.5,11.59,208,0,577.3,-100,-100,-136.6
"2026-07-21 23:00:00",34847,-100,-100,0,5.186,212.7,13,159,0,575,-100,-100,-136
"2026-07-22 00:00:00",34848,-100,-100,0,6.79,210.2,13.39,232,0,573.1,-100,-100,-133.3
"2026-07-22 01:00:00",34849,-100,-100,0.112,4.932,239,4.932,239,0,587.3,-100,-100,-129.8
"2026-07-22 12:00:00",34850,-100,-100,105.3,14.4,0,14.4,NAN,0,612.2,-100,-100,-144.9
"2026-07-23 09:00:00",34851,-100,-100,192.8,14.4,0,14.4,NAN,0,598.2,-100,-100,-144.9
"2026-07-23 10:00:00",34852,-100,-100,306,14.4,0,14.4,NAN,0,588.4,-100,-100,-144.9
"2026-07-23 11:00:00",34853,-100,-100,429.7,14.4,0,14.4,NAN,0,594.9,-100,-100,-144.9
"2026-07-23 12:00:00",34854,-100,-100,346.5,14.4,0,14.4,NAN,0,596.8,-100,-100,-144.9
"2026-07-23 13:00:00",34855,-100,-100,437.5,14.4,0,14.4,NAN,0,593,-100,-100,-144.9
"2026-07-23 14:00:00",34856,-100,-100,192.1,14.4,0,14.4,NAN,0,592.6,-100,-100,-144.9
"2026-07-23 15:00:00",34857,-100,-100,137.5,14.4,0,14.4,NAN,0,589.6,-100,-100,-144.9
"2026-07-23 16:00:00",34858,-100,-100,35.46,14.4,0,14.4,NAN,0,588.5,-100,-100,-144.9
"2026-07-23 17:00:00",34859,-100,-100,19.24,14.4,0,14.4,NAN,0,587.6,-100,-100,-144.9
"2026-07-23 18:00:00",34860,-100,-100,7.672,14.4,0,14.4,NAN,0,585.2,-100,-100,-144.9
"2026-07-23 19:00:00",34861,-100,-100,0,14.4,0,14.4,NAN,0,583.5,-100,-100,-144.9
"2026-07-23 20:00:00",34862,-100,-100,0,14.4,0,14.4,NAN,0,581.8,-100,-100,-144.9
"2026-07-23 21:00:00",34863,-100,-100,0,14.4,0,14.4,NAN,0,580,-100,-100,-144.9
"2026-07-24 10:00:00",34864,-100,-100,179.9,14.4,0,14.4,NAN,0,603.7,-100,-100,-144.9
"2026-07-24 11:00:00",34865,-100,-100,249.1,14.4,0,14.4,NAN,0,599.8,-100,-100,-144.9
"2026-07-24 12:00:00",34866,-100,-100,277.5,14.4,0,14.4,NAN,0,599.5,-100,-100,-144.9
"2026-07-24 13:00:00",34867,-100,-100,205,14.4,0,14.4,NAN,0,596.7,-100,-100,-144.9
"2026-07-24 14:00:00",34868,-100,-100,274.9,14.4,0,14.4,NAN,0,593.5,-100,-100,-144.9
"2026-07-24 15:00:00",34869,-100,-100,285.8,14.4,0,14.4,NAN,0,592.9,-100,-100,-144.9
"2026-07-24 16:00:00",34870,-100,-100,184.8,14.4,0,14.4,NAN,0,591.6,-100,-100,-144.9
"2026-07-24 17:00:00",34871,-100,-100,175.2,14.4,0,14.4,NAN,0,591,-100,-100,-144.9
"2026-07-24 18:00:00",34872,-100,-100,12.55,14.4,0,14.4,NAN,0,590.5,-100,-100,-144.9
"2026-07-24 19:00:00",34873,-100,-100,0.002,14.4,0,14.4,NAN,0,589,-100,-100,-144.9
"2026-07-24 20:00:00",34874,-100,-100,0.027,14.4,0,14.4,NAN,0,587.5,-100,-100,-144.9
"2026-07-25 10:00:00",34875,-100,-100,132.5,14.4,0,14.4,NAN,0,608.6,-100,-100,-144.9
"2026-07-25 11:00:00",34876,-100,-100,266.6,14.4,0,14.4,NAN,0,598.7,-100,-100,-144.9
"2026-07-25 12:00:00",34877,-100,-100,364.7,14.4,0,14.4,NAN,0,595.4,-100,-100,-144.9
"2026-07-25 13:00:00",34878,-100,-100,454.9,14.4,0,14.4,NAN,0,593.9,-100,-100,-144.9
"2026-07-25 14:00:00",34879,-100,-100,626.1,14.4,0,14.4,NAN,0,598.1,-100,-100,-144.9
"2026-07-25 15:00:00",34880,-100,-100,528,14.4,0,14.4,NAN,0,600.1,-100,-100,-144.9
"2026-07-25 16:00:00",34881,-100,-100,396.5,14.4,0,14.4,NAN,0,601.1,-100,-100,-144.9
"2026-07-25 17:00:00",34882,-100,-100,223.2,14.4,0,14.4,NAN,0,604.5,-100,-100,-144.9
"2026-07-25 18:00:00",34883,-100,-100,39.08,14.4,0,14.4,NAN,0,599.6,-100,-100,-144.9
"2026-07-25 19:00:00",34884,-100,-100,0,14.4,0,14.4,NAN,0,592.7,-100,-100,-144.9
"2026-07-25 20:00:00",34885,-100,-100,0,14.4,0,14.4,NAN,0,589.7,-100,-100,-144.9
"2026-07-25 21:00:00",34886,-100,-100,0,14.4,0,14.4,NAN,0,587.7,-100,-100,-144.9
"2026-07-25 22:00:00",34887,-100,-100,0,14.4,0,14.4,NAN,0,584,-100,-100,-144.9
"2026-07-25 23:00:00",34888,-100,-100,0,14.4,0,14.4,NAN,0,583.5,-100,-100,-144.9
"2026-07-26 08:00:00",34889,-100,-100,57.68,14.4,0,14.4,NAN,0,621.5,-100,-100,-144.9
"2026-07-26 09:00:00",34890,-100,-100,218.4,14.4,0,14.4,NAN,0,570.8,-100,-100,-144.9
"2026-07-26 10:00:00",34891,-100,-100,331.6,14.4,0,14.4,NAN,0,578.4,-100,-100,-144.9
"2026-07-26 11:00:00",34892,-100,-100,482.6,14.4,0,14.4,NAN,0,583.8,-100,-100,-144.9
"2026-07-26 12:00:00",34893,-100,-100,602.3,14.4,0,14.4,NAN,0,590.6,-100,-100,-144.9
"2026-07-26 13:00:00",34894,-100,-100,568.7,14.4,0,14.4,NAN,0,592,-100,-100,-144.9
"2026-07-26 14:00:00",34895,-100,-100,450.6,14.4,0,14.4,NAN,0,592.9,-100,-100,-144.9
"2026-07-26 15:00:00",34896,-100,-100,393.4,14.4,0,14.4,NAN,0,594,-100,-100,-144.9
"2026-07-26 16:00:00",34897,-100,-100,391.9,14.4,0,14.4,NAN,0,590.9,-100,-100,-144.9
"2026-07-26 17:00:00",34898,-100,-100,157.6,14.4,0,14.4,NAN,0,592.9,-100,-100,-144.9
"2026-07-26 18:00:00",34899,-100,-100,29.27,14.4,0,14.4,NAN,0,588.3,-100,-100,-144.9
"2026-07-26 19:00:00",34900,-100,-100,0.008,14.4,0,14.4,NAN,0,585.4,-100,-100,-144.9
"2026-07-26 20:00:00",34901,-100,-100,0,14.4,0,14.4,NAN,0,583.8,-100,-100,-144.9
"2026-07-26 21:00:00",34902,-100,-100,0,14.4,0,14.4,NAN,0,581.9,-100,-100,-144.9
"2026-07-26 22:00:00",34903,-100,-100,0,14.4,0,14.4,NAN,0,582.7,-100,-100,-144.9
"2026-07-26 23:00:00",34904,-100,-100,0,14.4,0,14.4,NAN,0,580.5,-100,-100,-144.9
"2026-07-27 09:00:00",34905,-100,-100,67.52,14.4,0,14.4,NAN,0,616.1,-100,-100,-144.9
"2026-07-27 10:00:00",34906,-100,-100,118.7,14.4,0,14.4,NAN,0,609.8,-100,-100,-144.9
"2026-07-27 11:00:00",34907,-100,-100,234.4,14.4,0,14.4,NAN,0,598.3,-100,-100,-144.9
"2026-07-27 12:00:00",34908,-100,-100,300.8,14.4,0,14.4,NAN,0,592.6,-100,-100,-144.9
"2026-07-27 13:00:00",34909,-100,-100,559.9,14.4,0,14.4,NAN,0,590.4,-100,-100,-144.9
"2026-07-27 14:00:00",34910,-100,-100,606.1,14.4,0,14.4,NAN,0,593.7,-100,-100,-144.9
"2026-07-27 15:00:00",34911,-100,-100,495.9,14.4,0,14.4,NAN,0,598.2,-100,-100,-144.9
"2026-07-27 16:00:00",34912,-100,-100,311.4,14.4,0,14.4,NAN,0,602.5,-100,-100,-144.9
"2026-07-27 17:00:00",34913,-100,-100,128.9,14.4,0,14.4,NAN,0,596,-100,-100,-144.9
"2026-07-27 18:00:00",34914,-100,-100,28.06,14.4,0,14.4,NAN,0,589.1,-100,-100,-144.9
"2026-07-27 19:00:00",34915,-100,-100,0.033,14.4,0,14.4,NAN,0,586.2,-100,-100,-144.9
"2026-07-27 20:00:00",34916,-100,-100,0,14.4,0,14.4,NAN,0,585,-100,-100,-144.9
"2026-07-27 21:00:00",34917,-100,-100,0,14.4,0,14.4,NAN,0,582.8,-100,-100,-144.9
"2026-07-27 22:00:00",34918,-100,-100,0,14.4,0,14.4,NAN,0,583.8,-100,-100,-144.9
"2026-07-27 23:00:00",34919,-100,-100,0,14.4,0,14.4,NAN,0,580,-100,-100,-144.9
"2026-07-28 09:00:00",34920,-100,-100,197.3,14.4,0,14.4,NAN,0,607.8,-100,-100,-144.9
"2026-07-28 10:00:00",34921,-100,-100,342,14.4,0,14.4,NAN,0,582.1,-100,-100,-144.9
"2026-07-28 11:00:00",34922,-100,-100,497.5,14.4,0,14.4,NAN,0,588.4,-100,-100,-144.9
"2026-07-28 12:00:00",34923,-100,-100,594,14.4,0,14.4,NAN,0,590.6,-100,-100,-144.9
"2026-07-28 13:00:00",34924,-100,-100,636.8,14.4,0,14.4,NAN,0,589.5,-100,-100,-144.9
"2026-07-28 14:00:00",34925,-100,-100,597.6,14.4,0,14.4,NAN,0,596.5,-100,-100,-144.9
"2026-07-28 15:00:00",34926,-100,-100,489.1,14.4,0,14.4,NAN,0,593.1,-100,-100,-144.9
"2026-07-28 16:00:00",34927,-100,-100,368.1,14.4,0,14.4,NAN,0,597.3,-100,-100,-144.9
"2026-07-28 17:00:00",34928,-100,-100,208.7,14.4,0,14.4,NAN,0,595.9,-100,-100,-144.9
"2026-07-28 18:00:00",34929,-100,-100,45.08,14.4,0,14.4,NAN,0,590,-100,-100,-144.9
"2026-07-28 19:00:00",34930,-100,-100,0.104,14.4,0,14.4,NAN,0,585.3,-100,-100,-144.9
"2026-07-28 20:00:00",34931,-100,-100,0,14.4,0,14.4,NAN,0,583,-100,-100,-144.9
"2026-07-28 21:00:00",34932,-100,-100,0,14.4,0,14.4,NAN,0,582.8,-100,-100,-144.9
"2026-07-28 22:00:00",34933,-100,-100,0,14.4,0,14.4,NAN,0,581.6,-100,-100,-144.9
"2026-07-28 23:00:00",34934,-100,-100,0,14.4,0,14.4,NAN,0,579,-100,-100,-144.9
"2026-07-29 00:00:00",34935,-100,-100,0,14.4,0,14.4,NAN,0,579.6,-100,-100,-144.9
"2026-07-29 13:00:00",34936,-100,-100,117.9,14.4,0,14.4,NAN,0,628.8,-100,-100,-144.9
"2026-07-29 14:00:00",34937,-100,-100,184.2,14.4,0,14.4,NAN,0,608.1,-100,-100,-144.9
"2026-07-30 11:00:00",34938,-100,-100,220.6,14.4,0,14.4,NAN,0,605.6,-100,-100,-144.9
"2026-07-30 12:00:00",34939,-100,-100,334,14.4,0,14.4,NAN,0,600,-100,-100,-144.9
"2026-07-30 13:00:00",34940,-100,-100,366,14.4,0,14.4,NAN,0,600.6,-100,-100,-144.9
"2026-07-30 14:00:00",34941,-100,-100,222.6,14.4,0,14.4,NAN,0,597.9,-100,-100,-144.9
"2026-07-30 15:00:00",34942,-100,-100,174.7,14.4,0,14.4,NAN,0,597.2,-100,-100,-144.9
"2026-07-30 16:00:00",34943,-100,-100,65.27,14.4,0,14.4,NAN,0,595.6,-100,-100,-144.9
"2026-07-30 17:00:00",34944,-100,-100,34.75,14.4,0,14.4,NAN,0,593.7,-100,-100,-144.9
"2026-07-30 18:00:00",34945,-100,-100,0.58,14.4,0,14.4,NAN,0,597,-100,-100,-144.9
"2026-07-31 10:00:00",34946,-100,-100,205.1,14.4,0,14.4,NAN,0,609.1,-100,-100,-144.9
"2026-07-31 11:00:00",34947,-100,-100,222.9,14.4,0,14.4,NAN,0,599.4,-100,-100,-144.9
"2026-07-31 12:00:00",34948,-100,-100,284.6,14.4,0,14.4,NAN,0,597.1,-100,-100,-144.9
"2026-07-31 13:00:00",34949,-100,-100,254.4,14.4,0,14.4,NAN,0,597.7,-100,-100,-144.9
"2026-07-31 14:00:00",34950,-100,-100,315.9,14.4,0,14.4,NAN,0,596.4,-100,-100,-144.9
"2026-07-31 15:00:00",34951,-100,-100,237.7,14.4,0,14.4,NAN,0,593.8,-100,-100,-144.9
"2026-07-31 16:00:00",34952,-100,-100,160.6,14.4,0,14.4,NAN,0,592.8,-100,-100,-144.9
"2026-07-31 17:00:00",34953,-100,-100,96.2,14.4,0,14.4,NAN,0,591.3,-100,-100,-144.9
"2026-07-31 18:00:00",34954,-100,-100,23.29,14.4,0,14.4,NAN,0,590.2,-100,-100,-144.9
"2026-07-31 19:00:00",34955,-100,-100,0.085,14.4,0,14.4,NAN,0,589.2,-100,-100,-144.9
"2026-08-01 09:00:00",34956,-100,-100,147.3,14.4,0,14.4,NAN,0,606.9,-100,-100,-144.9
"2026-08-01 10:00:00",34957,-100,-100,319.2,14.4,0,14.4,NAN,0,588.3,-100,-100,-144.9
"2026-08-01 11:00:00",34958,-100,-100,541.1,14.4,0,14.4,NAN,0,594.3,-100,-100,-144.9
"2026-08-01 12:00:00",34959,-100,-100,626.3,14.4,0,14.4,NAN,0,594.9,-100,-100,-144.9
"2026-08-01 13:00:00",34960,-100,-100,662.8,14.4,0,14.4,NAN,0,592,-100,-100,-144.9
"2026-08-01 14:00:00",34961,-100,-100,626,14.4,0,14.4,NAN,0,596,-100,-100,-144.9
"2026-08-01 15:00:00",34962,-100,-100,538.6,14.4,0,14.4,NAN,0,598.4,-100,-100,-144.9
"2026-08-01 16:00:00",34963,-100,-100,430,14.4,0,14.4,NAN,0,601.6,-100,-100,-144.9
"2026-08-01 17:00:00",34964,-100,-100,191.8,14.4,0,14.4,NAN,0,598.7,-100,-100,-144.9
"2026-08-01 18:00:00",34965,-100,-100,54.94,14.4,0,14.4,NAN,0,593.5,-100,-100,-144.9
"2026-08-01 19:00:00",34966,-100,-100,0.027,14.4,0,14.4,NAN,0,589,-100,-100,-144.9
"2026-08-01 20:00:00",34967,-100,-100,0,14.4,0,14.4,NAN,0,586.1,-100,-100,-144.9
"2026-08-01 21:00:00",34968,-100,-100,0,14.4,0,14.4,NAN,0,586.4,-100,-100,-144.9
"2026-08-01 22:00:00",34969,-100,-100,0,14.4,0,14.4,NAN,0,584.9,-100,-100,-144.9
"2026-08-01 23:00:00",34970,-100,-100,0,14.4,0,14.4,NAN,0,582.8,-100,-100,-144.9
"2026-08-02 09:00:00",34971,-100,-100,232.1,14.4,0,14.4,NAN,0,593.9,-100,-100,-144.9
"2026-08-02 10:00:00",34972,-100,-100,384.9,14.4,0,14.4,NAN,0,584.1,-100,-100,-144.9
"2026-08-02 11:00:00",34973,-100,-100,448.8,14.4,0,14.4,NAN,0,590,-100,-100,-144.9
"2026-08-02 12:00:00",34974,-100,-100,518.1,14.4,0,14.4,NAN,0,592,-100,-100,-144.9
"2026-08-02 13:00:00",34975,-100,-100,405.3,14.4,0,14.4,NAN,0,590.4,-100,-100,-144.9
"2026-08-02 14:00:00",34976,-100,-100,255.9,14.4,0,14.4,NAN,0,590.5,-100,-100,-144.9
"2026-08-02 15:00:00",34977,-100,-100,181.1,14.4,0,14.4,NAN,0,588.2,-100,-100,-144.9
"2026-08-02 16:00:00",34978,-100,-100,231.9,14.4,0,14.4,NAN,0,586.2,-100,-100,-144.9
"2026-08-02 17:00:00",34979,-100,-100,89.2,14.4,0,14.4,NAN,0,587,-100,-100,-144.9
"2026-08-02 18:00:00",34980,-100,-100,16.22,14.4,0,14.4,NAN,0,586,-100,-100,-144.9
"2026-08-02 19:00:00",34981,-100,-100,0.014,14.4,0,14.4,NAN,0,585,-100,-100,-144.9
"2026-08-02 20:00:00",34982,-100,-100,0,14.4,0,14.4,NAN,0,583.9,-100,-100,-144.9
"2026-08-02 21:00:00",34983,-100,-100,0,14.4,0,14.4,NAN,0,582.8,-100,-100,-144.9
"2026-08-02 22:00:00",34984,-100,-100,0,14.4,0,14.4,NAN,0,581.8,-100,-100,-144.9
"2026-08-03 09:00:00",34985,-100,-100,153,14.4,0,14.4,NAN,0,605.1,-100,-100,-144.9
"2026-08-03 10:00:00",34986,-100,-100,230.8,14.4,0,14.4,NAN,0,597.3,-100,-100,-144.9
"2026-08-03 11:00:00",34987,-100,-100,312.8,14.4,0,14.4,NAN,0,592.3,-100,-100,-144.9
"2026-08-03 12:00:00",34988,-100,-100,377.4,14.4,0,14.4,NAN,0,592.5,-100,-100,-144.9
"2026-08-03 13:00:00",34989,-100,-100,430.1,14.4,0,14.4,NAN,0,592.6,-100,-100,-144.9
"2026-08-03 14:00:00",34990,-100,-100,332.5,14.4,0,14.4,NAN,0,593.9,-100,-100,-144.9
"2026-08-03 15:00:00",34991,-100,-100,259.2,14.4,0,14.4,NAN,0,590.7,-100,-100,-144.9
"2026-08-03 16:00:00",34992,-100,-100,220.2,14.4,0,14.4,NAN,0,588.3,-100,-100,-144.9
"2026-08-03 17:00:00",34993,-100,-100,72.79,14.4,0,14.4,NAN,0,587.9,-100,-100,-144.9
"2026-08-03 18:00:00",34994,-100,-100,14.94,14.4,0,14.4,NAN,0,586.7,-100,-100,-144.9
"2026-08-03 19:00:00",34995,-100,-100,0.001,14.4,0,14.4,NAN,0,585.4,-100,-100,-144.9
"2026-08-03 20:00:00",34996,-100,-100,0,14.4,0,14.4,NAN,0,585.2,-100,-100,-144.9
"2026-08-03 21:00:00",34997,-100,-100,0,14.4,0,14.4,NAN,0,583.5,-100,-100,-144.9
"2026-08-04 10:00:00",34998,-100,-100,127.3,14.4,0,14.4,NAN,0,605.5,-100,-100,-144.9
"2026-08-04 11:00:00",34999,-100,-100,83.9,14.4,0,14.4,NAN,0,616.4,-100,-100,-144.9
"2026-08-04 12:00:00",35000,-100,-100,139.5,14.4,0,14.4,NAN,0,608.6,-100,-100,-144.9
"2026-08-04 13:00:00",35001,-100,-100,163,14.4,0,14.4,NAN,0,605.5,-100,-100,-144.9
"2026-08-04 14:00:00",35002,-100,-100,291.9,14.4,0,14.4,NAN,0,600.3,-100,-100,-144.9
"2026-08-04 15:00:00",35003,-100,-100,232.9,14.4,0,14.4,NAN,0,597,-100,-100,-144.9
"2026-08-04 16:00:00",35004,-100,-100,226.9,14.4,0,14.4,NAN,0,596.4,-100,-100,-144.9
"2026-08-04 17:00:00",35005,-100,-100,156.3,14.4,0,14.4,NAN,0,595.5,-100,-100,-144.9
"2026-08-05 10:00:00",35006,-100,-100,181.7,14.4,0,14.4,NAN,0,602.7,-100,-100,-144.9
"2026-08-05 11:00:00",35007,-100,-100,122.5,14.4,0,14.4,NAN,0,604.5,-100,-100,-144.9
"2026-08-05 12:00:00",35008,-100,-100,85.3,14.4,0,14.4,NAN,0,624.1,-100,-100,-144.9
"2026-08-06 10:00:00",35009,-100,-100,170.5,14.4,0,14.4,NAN,0,616.3,-100,-100,-144.9
"2026-08-06 11:00:00",35010,-100,-100,266.8,14.4,0,14.4,NAN,0,599.8,-100,-100,-144.9
"2026-08-06 12:00:00",35011,-100,-100,424.1,14.4,0,14.4,NAN,0,598.5,-100,-100,-144.9
"2026-08-06 13:00:00",35012,-100,-100,263.7,14.4,0,14.4,NAN,0,599.5,-100,-100,-144.9
"2026-08-06 14:00:00",35013,-100,-100,54.03,14.4,0,14.4,NAN,0,598.3,-100,-100,-144.9
"2026-08-06 15:00:00",35014,-100,-100,20.32,14.4,0,14.4,NAN,2.032,597.7,-100,-100,-144.9
"2026-08-06 16:00:00",35015,-100,-100,28.75,14.4,0,14.4,NAN,0.254,595.7,-100,-100,-144.9
"2026-08-06 17:00:00",35016,-100,-100,63.27,14.4,0,14.4,NAN,0,593.6,-100,-100,-144.9
"2026-08-07 08:00:00",35017,-100,-100,114,14.4,0,14.4,NAN,0,589,-100,-100,-144.9
"2026-08-07 09:00:00",35018,-100,-100,239.6,14.4,0,14.4,NAN,0,582.8,-100,-100,-144.9
"2026-08-07 10:00:00",35019,-100,-100,245.4,14.4,0,14.4,NAN,0,589.4,-100,-100,-144.9
"2026-08-07 11:00:00",35020,-100,-100,355.8,14.4,0,14.4,NAN,0,589.4,-100,-100,-144.9
"2026-08-07 12:00:00",35021,-100,-100,336.5,14.4,0,14.4,NAN,0,588.2,-100,-100,-144.9
"2026-08-07 13:00:00",35022,-100,-100,220,14.4,0,14.4,NAN,0,589.2,-100,-100,-144.9
"2026-08-07 14:00:00",35023,-100,-100,218.4,14.4,0,14.4,NAN,0,585.8,-100,-100,-144.9
"2026-08-07 15:00:00",35024,-100,-100,241.9,14.4,0,14.4,NAN,0,588.5,-100,-100,-144.9
"2026-08-07 16:00:00",35025,-100,-100,130.4,14.4,0,14.4,NAN,0,589.1,-100,-100,-144.9
"2026-08-07 17:00:00",35026,-100,-100,70.96,14.4,0,14.4,NAN,0,586.8,-100,-100,-144.9
"2026-08-07 18:00:00",35027,-100,-100,5.085,14.4,0,14.4,NAN,0,587.2,-100,-100,-144.9
"2026-08-07 19:00:00",35028,-100,-100,0,14.4,0,14.4,NAN,0,586.5,-100,-100,-144.9
"2026-08-07 20:00:00",35029,-100,-100,0,14.4,0,14.4,NAN,0,585,-100,-100,-144.9
"2026-08-07 21:00:00",35030,-100,-100,0,14.4,0,14.4,NAN,0,586.3,-100,-100,-144.9
"2026-08-08 10:00:00",35031,-100,-100,131.9,14.4,0,14.4,NAN,0,609.4,-100,-100,-144.9
"2026-08-08 12:00:00",35032,-100,-100,166.7,14.4,0,14.4,NAN,0,613.4,-100,-100,-144.9
"2026-08-08 13:00:00",35033,-100,-100,338.6,14.4,0,14.4,NAN,0,600,-100,-100,-144.9
"2026-08-08 14:00:00",35034,-100,-100,286,14.4,0,14.4,NAN,0,600.7,-100,-100,-144.9
"2026-08-08 15:00:00",35035,-100,-100,255.8,14.4,0,14.4,NAN,0,599.3,-100,-100,-144.9
"2026-08-08 16:00:00",35036,-100,-100,134.5,14.4,0,14.4,NAN,0,598.3,-100,-100,-144.9
"2026-08-08 17:00:00",35037,-100,-100,73.51,14.4,0,14.4,NAN,0,596.3,-100,-100,-144.9
"2026-08-08 18:00:00",35038,-100,-100,18.47,14.4,0,14.4,NAN,0,594.9,-100,-100,-144.9
"2026-08-09 11:00:00",35039,-100,-100,176.7,14.4,0,14.4,NAN,0,618.7,-100,-100,-144.9
"2026-08-09 12:00:00",35040,-100,-100,80.9,14.4,0,14.4,NAN,0,626.5,-100,-100,-144.9
"2026-08-10 11:00:00",35041,-100,-100,101.3,14.4,0,14.4,NAN,0,629.3,-100,-100,-144.9
"2026-08-10 12:00:00",35042,-100,-100,217.6,14.4,0,14.4,NAN,0,616.1,-100,-100,-144.9
"2026-08-10 13:00:00",35043,-100,-100,196.3,14.4,0,14.4,NAN,0,606.9,-100,-100,-144.9
"2026-08-10 14:00:00",35044,-100,-100,170.1,14.4,0,14.4,NAN,0,606.6,-100,-100,-144.9
"2026-08-10 15:00:00",35045,-100,-100,159.2,14.4,0,14.4,NAN,0,606,-100,-100,-144.9
"2026-08-10 16:00:00",35046,-100,-100,136.2,14.4,0,14.4,NAN,0,605.1,-100,-100,-144.9
"2026-08-10 17:00:00",35047,-100,-100,54.03,14.4,0,14.4,NAN,0,611.4,-100,-100,-144.9
"2026-08-12 09:00:00",35048,-100,-100,71.78,14.4,0,14.4,NAN,0,634.2,-100,-100,-144.9
"2026-08-12 10:00:00",35049,-100,-100,100.2,14.4,0,14.4,NAN,0,625.5,-100,-100,-144.9
"2026-08-12 11:00:00",35050,-100,-100,89.4,14.4,0,14.4,NAN,0,633.9,-100,-100,-144.9
"2026-08-12 12:00:00",35051,-100,-100,186.7,14.4,0,14.4,NAN,0,626.3,-100,-100,-144.9
"2026-08-12 13:00:00",35052,-100,-100,126.9,14.4,0,14.4,NAN,0,624.5,-100,-100,-144.9
"2026-08-12 14:00:00",35053,-100,-100,102.9,14.4,0,14.4,NAN,0,632.1,-100,-100,-144.9
"2026-08-13 09:00:00",35054,-100,-100,85.5,14.4,0,14.4,NAN,0,629.2,-100,-100,-144.9
"2026-08-13 10:00:00",35055,-100,-100,223.9,14.4,0,14.4,NAN,0,606.8,-100,-100,-144.9
"2026-08-13 11:00:00",35056,-100,-100,309.6,14.4,0,14.4,NAN,0,596.1,-100,-100,-144.9
"2026-08-13 12:00:00",35057,-100,-100,406.1,14.4,0,14.4,NAN,0,597.2,-100,-100,-144.9
"2026-08-13 13:00:00",35058,-100,-100,620.5,14.4,0,14.4,NAN,0,596.8,-100,-100,-144.9
"2026-08-13 14:00:00",35059,-100,-100,399.2,14.4,0,14.4,NAN,0,600.5,-100,-100,-144.9
"2026-08-13 15:00:00",35060,-100,-100,141.8,14.4,0,14.4,NAN,0,598,-100,-100,-144.9
"2026-08-13 16:00:00",35061,-100,-100,117.2,14.4,0,14.4,NAN,0,595.2,-100,-100,-144.9
"2026-08-13 17:00:00",35062,-100,-100,73.64,14.4,0,14.4,NAN,0,591.9,-100,-100,-144.9
"2026-08-13 18:00:00",35063,-100,-100,2.177,14.4,0,14.4,NAN,0.254,593.9,-100,-100,-144.9
"2026-08-13 19:00:00",35064,-100,-100,0.508,14.4,0,14.4,NAN,0,593.7,-100,-100,-144.9
"2026-08-13 20:00:00",35065,-100,-100,0.014,14.4,0,14.4,NAN,0,592.8,-100,-100,-144.9
"2026-08-14 09:00:00",35066,-100,-100,111,14.4,0,14.4,NAN,0,604.5,-100,-100,-144.9
"2026-08-14 10:00:00",35067,-100,-100,111.8,14.4,0,14.4,NAN,0,610.2,-100,-100,-144.9
"2026-08-14 11:00:00",35068,-100,-100,113.3,14.4,0,14.4,NAN,0,609.3,-100,-100,-144.9
"2026-08-14 13:00:00",35069,-100,-100,163.3,14.4,0,14.4,NAN,0.254,604.4,-100,-100,-144.9
"2026-08-14 14:00:00",35070,-100,-100,156.3,14.4,0,14.4,NAN,0.254,600.2,-100,-100,-144.9
"2026-08-14 15:00:00",35071,-100,-100,116.2,14.4,0,14.4,NAN,0.508,597.3,-100,-100,-144.9
"2026-08-14 16:00:00",35072,-100,-100,115,14.4,0,14.4,NAN,0.762,594.1,-100,-100,-144.9
"2026-08-15 08:00:00",35073,-100,-100,101.3,14.4,0,14.4,NAN,0,616.1,-100,-100,-144.9
"2026-08-15 10:00:00",35074,-100,-100,365.6,14.4,0,14.4,NAN,0,579.2,-100,-100,-144.9
"2026-08-15 11:00:00",35075,-100,-100,370.8,14.4,0,14.4,NAN,0,590.3,-100,-100,-144.9
"2026-08-15 12:00:00",35076,-100,-100,321.1,14.4,0,14.4,NAN,0,592.1,-100,-100,-144.9
"2026-08-15 13:00:00",35077,-100,-100,132.7,14.4,0,14.4,NAN,0,592.8,-100,-100,-144.9
"2026-08-15 14:00:00",35078,-100,-100,124.8,14.4,0,14.4,NAN,0,590.5,-100,-100,-144.9
"2026-08-15 15:00:00",35079,-100,-100,98.6,14.4,0,14.4,NAN,0.254,591,-100,-100,-144.9
"2026-08-15 16:00:00",35080,-100,-100,86.5,14.4,0,14.4,NAN,0,589.9,-100,-100,-144.9
"2026-08-15 17:00:00",35081,-100,-100,24.15,14.4,0,14.4,NAN,0,588.2,-100,-100,-144.9
"2026-08-15 18:00:00",35082,-100,-100,16.99,14.4,0,14.4,NAN,0,587.4,-100,-100,-144.9
"2026-08-15 19:00:00",35083,-100,-100,0.436,14.4,0,14.4,NAN,0,586,-100,-100,-144.9
"2026-08-16 10:00:00",35084,-100,-100,209.8,14.4,0,14.4,NAN,0,595.6,-100,-100,-144.9
"2026-08-16 11:00:00",35085,-100,-100,307.4,14.4,0,14.4,NAN,0,584.1,-100,-100,-144.9
"2026-08-16 12:00:00",35086,-100,-100,238.9,14.4,0,14.4,NAN,0,586.3,-100,-100,-144.9
"2026-08-16 13:00:00",35087,-100,-100,205.3,14.4,0,14.4,NAN,0,589.3,-100,-100,-144.9
"2026-08-16 14:00:00",35088,-100,-100,300.5,14.4,0,14.4,NAN,0,584.8,-100,-100,-144.9
"2026-08-16 15:00:00",35089,-100,-100,252.2,14.4,0,14.4,NAN,0,587.1,-100,-100,-144.9
"2026-08-16 16:00:00",35090,-100,-100,163.1,14.4,0,14.4,NAN,0,588.1,-100,-100,-144.9
"2026-08-16 17:00:00",35091,-100,-100,89.8,14.4,0,14.4,NAN,0,587.4,-100,-100,-144.9
"2026-08-16 18:00:00",35092,-100,-100,17.68,14.4,0,14.4,NAN,0,587.3,-100,-100,-144.9
"2026-08-16 19:00:00",35093,-100,-100,0.046,14.4,0,14.4,NAN,0,586.8,-100,-100,-144.9
"2026-08-16 20:00:00",35094,-100,-100,0,14.4,0,14.4,NAN,0,586,-100,-100,-144.9
"2026-08-17 08:00:00",35095,-100,-100,38.43,14.4,0,14.4,NAN,0,619,-100,-100,-144.9
"2026-08-17 10:00:00",35096,-100,-100,196.7,14.4,0,14.4,NAN,0,604.9,-100,-100,-144.9
"2026-08-17 11:00:00",35097,-100,-100,142.4,14.4,0,14.4,NAN,0,606.1,-100,-100,-144.9
"2026-08-17 12:00:00",35098,-100,-100,131.7,14.4,0,14.4,NAN,0,603.4,-100,-100,-144.9
"2026-08-17 13:00:00",35099,-100,-100,234.8,14.4,0,14.4,NAN,0,597.3,-100,-100,-144.9
"2026-08-17 14:00:00",35100,-100,-100,197,14.4,0,14.4,NAN,0,597.8,-100,-100,-144.9
"2026-08-17 15:00:00",35101,-100,-100,130.6,14.4,0,14.4,NAN,0,602.5,-100,-100,-144.9
"2026-08-17 16:00:00",35102,-100,-100,87.6,14.4,0,14.4,NAN,0,617.3,-100,-100,-144.9
"2026-08-18 10:00:00",35103,-100,-100,196,14.4,0,14.4,NAN,0,602.1,-100,-100,-144.9
"2026-08-18 11:00:00",35104,-100,-100,307.9,14.4,0,14.4,NAN,0,593.8,-100,-100,-144.9
"2026-08-18 12:00:00",35105,-100,-100,620.1,14.4,0,14.4,NAN,0,592.3,-100,-100,-144.9
"2026-08-18 13:00:00",35106,-100,-100,694.4,14.4,0,14.4,NAN,0,591.1,-100,-100,-144.9
"2026-08-18 14:00:00",35107,-100,-100,660.4,14.4,0,14.4,NAN,0,597.9,-100,-100,-144.9
"2026-08-18 15:00:00",35108,-100,-100,546.1,14.4,0,14.4,NAN,0,601.6,-100,-100,-144.9
"2026-08-18 16:00:00",35109,-100,-100,414.4,14.4,0,14.4,NAN,0,602.9,-100,-100,-144.9
"2026-08-18 17:00:00",35110,-100,-100,241.1,14.4,0,14.4,NAN,0,603.4,-100,-100,-144.9
"2026-08-18 18:00:00",35111,-100,-100,67.46,14.4,0,14.4,NAN,0,596.8,-100,-100,-144.9
"2026-08-18 19:00:00",35112,-100,-100,0.312,14.4,0,14.4,NAN,0,591.3,-100,-100,-144.9
"2026-08-18 20:00:00",35113,-100,-100,0,14.4,0,14.4,NAN,0,590,-100,-100,-144.9
"2026-08-18 21:00:00",35114,-100,-100,0,14.4,0,14.4,NAN,0,591.8,-100,-100,-144.9
"2026-08-18 22:00:00",35115,-100,-100,0,14.4,0,14.4,NAN,0,590.1,-100,-100,-144.9
"2026-08-19 08:00:00",35116,-100,-100,87.2,14.4,0,14.4,NAN,0,609.4,-100,-100,-144.9
"2026-08-19 09:00:00",35117,-100,-100,248.7,14.4,0,14.4,NAN,0,573,-100,-100,-144.9
"2026-08-19 10:00:00",35118,-100,-100,423.1,14.4,0,14.4,NAN,0,580.5,-100,-100,-144.9
"2026-08-19 11:00:00",35119,-100,-100,545,14.4,0,14.4,NAN,0,587.2,-100,-100,-144.9
"2026-08-19 12:00:00",35120,-100,-100,649.6,14.4,0,14.4,NAN,0,587.1,-100,-100,-144.9
"2026-08-19 13:00:00",35121,-100,-100,704.3,14.4,0,14.4,NAN,0,584.9,-100,-100,-144.9
"2026-08-19 14:00:00",35122,-100,-100,668.9,14.4,0,14.4,NAN,0,591.6,-100,-100,-144.9
"2026-08-19 15:00:00",35123,-100,-100,555.4,14.4,0,14.4,NAN,0,594.6,-100,-100,-144.9
"2026-08-19 16:00:00",35124,-100,-100,418,14.4,0,14.4,NAN,0,596.5,-100,-100,-144.9
"2026-08-19 17:00:00",35125,-100,-100,151.6,14.4,0,14.4,NAN,0,594.7,-100,-100,-144.9
"2026-08-19 18:00:00",35126,-100,-100,62.67,14.4,0,14.4,NAN,0,587.5,-100,-100,-144.9
"2026-08-19 19:00:00",35127,-100,-100,0.416,14.4,0,14.4,NAN,0,588,-100,-100,-144.9
"2026-08-19 20:00:00",35128,-100,-100,0,14.4,0,14.4,NAN,0,587.3,-100,-100,-144.9
"2026-08-19 21:00:00",35129,-100,-100,0,14.4,0,14.4,NAN,0,585.7,-100,-100,-144.9
"2026-08-19 22:00:00",35130,-100,-100,0,14.4,0,14.4,NAN,0,584.5,-100,-100,-144.9
"2026-08-20 09:00:00",35131,-100,-100,58.18,14.4,0,14.4,NAN,0,621.1,-100,-100,-144.9
"2026-08-20 11:00:00",35132,-100,-100,265.7,14.4,0,14.4,NAN,0,584.7,-100,-100,-144.9
"2026-08-20 12:00:00",35133,-100,-100,233.7,14.4,0,14.4,NAN,0,588.4,-100,-100,-144.9
"2026-08-20 13:00:00",35134,-100,-100,192.2,14.4,0,14.4,NAN,0,588.4,-100,-100,-144.9
"2026-08-20 14:00:00",35135,-100,-100,412.6,14.4,0,14.4,NAN,0,586.1,-100,-100,-144.9
"2026-08-20 15:00:00",35136,-100,-100,176.1,14.4,0,14.4,NAN,0,588.1,-100,-100,-144.9
"2026-08-20 16:00:00",35137,-100,-100,182.9,14.4,0,14.4,NAN,0,585.7,-100,-100,-144.9
"2026-08-20 17:00:00",35138,-100,-100,114,14.4,0,14.4,NAN,0,585.7,-100,-100,-144.9
"2026-08-20 18:00:00",35139,-100,-100,51.41,14.4,0,14.4,NAN,0,585.5,-100,-100,-144.9
"2026-08-20 19:00:00",35140,-100,-100,1.693,14.4,0,14.4,NAN,0,585.3,-100,-100,-144.9
"2026-08-20 20:00:00",35141,-100,-100,0,14.4,0,14.4,NAN,0,583.8,-100,-100,-144.9
"2026-08-21 08:00:00",35142,-100,-100,137.3,14.4,0,14.4,NAN,0,588.8,-100,-100,-144.9
"2026-08-21 09:00:00",35143,-100,-100,143.6,14.4,0,14.4,NAN,0,589.1,-100,-100,-144.9
"2026-08-21 10:00:00",35144,-100,-100,452.2,14.4,0,14.4,NAN,0,580.9,-100,-100,-144.9
"2026-08-21 11:00:00",35145,-100,-100,617.5,14.4,0,14.4,NAN,0,588.2,-100,-100,-144.9
"2026-08-21 12:00:00",35146,-100,-100,723.6,14.4,0,14.4,NAN,0,586.4,-100,-100,-144.9
"2026-08-21 13:00:00",35147,-100,-100,767.6,14.4,0,14.4,NAN,0,582.9,-100,-100,-144.9
"2026-08-21 14:00:00",35148,-100,-100,733.7,14.4,0,14.4,NAN,0,588.6,-100,-100,-144.9
"2026-08-21 15:00:00",35149,-100,-100,644.6,14.4,0,14.4,NAN,0,592.4,-100,-100,-144.9
"2026-08-21 16:00:00",35150,-100,-100,484.7,14.4,0,14.4,NAN,0,594.7,-100,-100,-144.9
"2026-08-21 17:00:00",35151,-100,-100,293.8,14.4,0,14.4,NAN,0,597.9,-100,-100,-144.9
"2026-08-21 18:00:00",35152,-100,-100,89,14.4,0,14.4,NAN,0,595.1,-100,-100,-144.9
"2026-08-21 19:00:00",35153,-100,-100,0.228,14.4,0,14.4,NAN,0,592.7,-100,-100,-144.9
"2026-08-21 20:00:00",35154,-100,-100,0,14.4,0,14.4,NAN,0,591.4,-100,-100,-144.9
"2026-08-21 21:00:00",35155,-100,-100,0,14.4,0,14.4,NAN,0,586.3,-100,-100,-144.9
"2026-08-21 22:00:00",35156,-100,-100,0,14.4,0,14.4,NAN,0,584.2,-100,-100,-144.9
"2026-08-21 23:00:00",35157,-100,-100,0,14.4,0,14.4,NAN,0,580.7,-100,-100,-144.9
"2026-08-22 08:00:00",35158,-100,-100,131.3,14.4,0,14.4,NAN,0,574.9,-100,-100,-144.9
"2026-08-22 09:00:00",35159,-100,-100,278.6,14.4,0,14.4,NAN,0,563,-100,-100,-144.9
"2026-08-22 10:00:00",35160,-100,-100,468.2,14.4,0,14.4,NAN,0,570.9,-100,-100,-144.9
"2026-08-22 11:00:00",35161,-100,-100,618.8,14.4,0,14.4,NAN,0,581.6,-100,-100,-144.9
"2026-08-22 12:00:00",35162,-100,-100,672.3,14.4,0,14.4,NAN,0,582.1,-100,-100,-144.9
"2026-08-22 13:00:00",35163,-100,-100,765.8,14.4,0,14.4,NAN,0,578.2,-100,-100,-144.9
"2026-08-22 14:00:00",35164,-100,-100,725.7,14.4,0,14.4,NAN,0,584.1,-100,-100,-144.9
"2026-08-22 15:00:00",35165,-100,-100,357.7,14.4,0,14.4,NAN,0,595.1,-100,-100,-144.9
"2026-08-22 16:00:00",35166,-100,-100,327,14.4,0,14.4,NAN,0,585.6,-100,-100,-144.9
"2026-08-22 17:00:00",35167,-100,-100,269.4,14.4,0,14.4,NAN,0,587.8,-100,-100,-144.9
"2026-08-22 18:00:00",35168,-100,-100,60.24,14.4,0,14.4,NAN,0,589.2,-100,-100,-144.9
"2026-08-22 19:00:00",35169,-100,-100,0.036,14.4,0,14.4,NAN,0,585.7,-100,-100,-144.9
"2026-08-22 20:00:00",35170,-100,-100,0,14.4,0,14.4,NAN,0,585.5,-100,-100,-144.9
"2026-08-22 21:00:00",35171,-100,-100,0,14.4,0,14.4,NAN,0,582.9,-100,-100,-144.9
"2026-08-22 22:00:00",35172,-100,-100,0,14.4,0,14.4,NAN,0,582.1,-100,-100,-144.9
"2026-08-22 23:00:00",35173,-100,-100,0,14.4,0,14.4,NAN,0,580.7,-100,-100,-144.9
"2026-08-23 08:00:00",35174,-100,-100,133.7,14.4,0,14.4,NAN,0,576.7,-100,-100,-144.9
"2026-08-23 09:00:00",35175,-100,-100,281,14.4,0,14.4,NAN,0,564.2,-100,-100,-144.9
"2026-08-23 10:00:00",35176,-100,-100,476.1,14.4,0,14.4,NAN,0,572.5,-100,-100,-144.9
"2026-08-23 11:00:00",35177,-100,-100,559.3,14.4,0,14.4,NAN,0,582.1,-100,-100,-144.9
"2026-08-23 12:00:00",35178,-100,-100,340,14.4,0,14.4,NAN,0,581.8,-100,-100,-144.9
"2026-08-23 13:00:00",35179,-100,-100,437.1,14.4,0,14.4,NAN,0,574,-100,-100,-144.9
"2026-08-23 14:00:00",35180,-100,-100,511.2,14.4,0,14.4,NAN,0,584.2,-100,-100,-144.9
"2026-08-23 15:00:00",35181,-100,-100,445.2,14.4,0,14.4,NAN,0,581.7,-100,-100,-144.9
"2026-08-23 16:00:00",35182,-100,-100,286.1,14.4,0,14.4,NAN,0,588.4,-100,-100,-144.9
"2026-08-23 17:00:00",35183,-100,-100,102.9,14.4,0,14.4,NAN,0,584.9,-100,-100,-144.9
"2026-08-23 18:00:00",35184,-100,-100,34.31,14.4,0,14.4,NAN,0,582.7,-100,-100,-144.9
"2026-08-23 19:00:00",35185,-100,-100,0.888,14.4,0,14.4,NAN,0,581.9,-100,-100,-144.9
"2026-08-23 20:00:00",35186,-100,-100,0,14.4,0,14.4,NAN,0,581.2,-100,-100,-144.9
"2026-08-23 21:00:00",35187,-100,-100,0,14.4,0,14.4,NAN,0,580.2,-100,-100,-144.9
"2026-08-23 22:00:00",35188,-100,-100,0,14.4,0,14.4,NAN,0,579.2,-100,-100,-144.9
"2026-08-23 23:00:00",35189,-100,-100,0,14.4,0,14.4,NAN,0,578,-100,-100,-144.9
"2026-08-24 10:00:00",35190,-100,-100,136.9,14.4,0,14.4,NAN,0,605,-100,-100,-144.9
"2026-08-24 11:00:00",35191,-100,-100,190.5,14.4,0,14.4,NAN,0,602,-100,-100,-144.9
"2026-08-24 12:00:00",35192,-100,-100,252.6,14.4,0,14.4,NAN,0,594.3,-100,-100,-144.9
"2026-08-24 13:00:00",35193,-100,-100,426.4,14.4,0,14.4,NAN,0,591.8,-100,-100,-144.9
"2026-08-24 14:00:00",35194,-100,-100,316.9,14.4,0,14.4,NAN,0,592.7,-100,-100,-144.9
"2026-08-24 15:00:00",35195,-100,-100,227.3,14.4,0,14.4,NAN,0,591.8,-100,-100,-144.9
"2026-08-24 16:00:00",35196,-100,-100,69.48,14.4,0,14.4,NAN,0,590.9,-100,-100,-144.9
"2026-08-24 17:00:00",35197,-100,-100,24.32,14.4,0,14.4,NAN,0,589.3,-100,-100,-144.9
"2026-08-24 18:00:00",35198,-100,-100,3.928,14.4,0,14.4,NAN,0,587.6,-100,-100,-144.9
"2026-08-25 09:00:00",35199,-100,-100,117.8,14.4,0,14.4,NAN,0,607,-100,-100,-144.9
"2026-08-25 12:00:00",35200,-100,-100,131.7,14.4,0,14.4,NAN,0,607.6,-100,-100,-144.9
"2026-08-25 14:00:00",35201,-100,-100,142.7,14.4,0,14.4,NAN,0,608.5,-100,-100,-144.9
"2026-08-25 15:00:00",35202,-100,-100,79.3,14.4,0,14.4,NAN,0,613.8,-100,-100,-144.9
"2026-08-25 16:00:00",35203,-100,-100,57.88,14.4,0,14.4,NAN,0,616,-100,-100,-144.9
"2026-08-26 09:00:00",35204,-100,-100,117.6,14.4,0,14.4,NAN,0,622.8,-100,-100,-144.9
"2026-08-26 10:00:00",35205,-100,-100,172.9,14.4,0,14.4,NAN,0,605.6,-100,-100,-144.9
"2026-08-26 11:00:00",35206,-100,-100,206.5,14.4,0,14.4,NAN,0,596.9,-100,-100,-144.9
"2026-08-26 12:00:00",35207,-100,-100,463.5,14.4,0,14.4,NAN,0,595.2,-100,-100,-144.9
"2026-08-26 13:00:00",35208,-100,-100,456.8,14.4,0,14.4,NAN,0,596,-100,-100,-144.9
"2026-08-26 14:00:00",35209,-100,-100,295.7,14.4,0,14.4,NAN,0,595.8,-100,-100,-144.9
"2026-08-26 15:00:00",35210,-100,-100,178.6,14.4,0,14.4,NAN,0,593.9,-100,-100,-144.9
"2026-08-26 16:00:00",35211,-100,-100,180.8,14.4,0,14.4,NAN,0,590.7,-100,-100,-144.9
"2026-08-26 17:00:00",35212,-100,-100,56.48,14.4,0,14.4,NAN,0,589.7,-100,-100,-144.9
"2026-08-26 18:00:00",35213,-100,-100,11.33,14.4,0,14.4,NAN,0,588.9,-100,-100,-144.9
"2026-08-26 19:00:00",35214,-100,-100,0.116,14.4,0,14.4,NAN,0,588,-100,-100,-144.9
"2026-08-26 20:00:00",35215,-100,-100,0,14.4,0,14.4,NAN,0,586.7,-100,-100,-144.9
"2026-08-26 21:00:00",35216,-100,-100,0,14.4,0,14.4,NAN,0,585.6,-100,-100,-144.9
"2026-08-27 09:00:00",35217,-100,-100,110.8,14.4,0,14.4,NAN,0,600.4,-100,-100,-144.9
"2026-08-27 10:00:00",35218,-100,-100,255.2,14.4,0,14.4,NAN,0,590,-100,-100,-144.9
"2026-08-27 12:00:00",35219,-100,-100,335.1,14.4,0,14.4,NAN,0,591.1,-100,-100,-144.9
"2026-08-27 13:00:00",35220,-100,-100,330.7,14.4,0,14.4,NAN,0,586.7,-100,-100,-144.9
"2026-08-27 14:00:00",35221,-100,-100,223,14.4,0,14.4,NAN,0,590.9,-100,-100,-144.9
"2026-08-27 15:00:00",35222,-100,-100,169.6,14.4,0,14.4,NAN,0,589.3,-100,-100,-144.9
"2026-08-27 17:00:00",35223,-100,-100,22.17,14.4,0,14.4,NAN,0,605.7,-100,-100,-144.9
"2026-08-28 08:00:00",35224,-100,-100,51.24,14.4,0,14.4,NAN,0,604.6,-100,-100,-144.9
"2026-08-28 09:00:00",35225,-100,-100,102.5,14.4,0,14.4,NAN,0,599.3,-100,-100,-144.9
"2026-08-28 10:00:00",35226,-100,-100,325.2,14.4,0,14.4,NAN,0,591.9,-100,-100,-144.9
"2026-08-28 11:00:00",35227,-100,-100,474.1,14.4,0,14.4,NAN,0,588.5,-100,-100,-144.9
"2026-08-28 12:00:00",35228,-100,-100,649.6,14.4,0,14.4,NAN,0,587.6,-100,-100,-144.9
"2026-08-28 13:00:00",35229,-100,-100,710.6,14.4,0,14.4,NAN,0,586.8,-100,-100,-144.9
"2026-08-28 14:00:00",35230,-100,-100,569.3,14.4,0,14.4,NAN,0,590.7,-100,-100,-144.9
"2026-08-28 15:00:00",35231,-100,-100,445.5,14.4,0,14.4,NAN,0,594.6,-100,-100,-144.9
"2026-08-28 16:00:00",35232,-100,-100,202.8,14.4,0,14.4,NAN,0,592,-100,-100,-144.9
"2026-08-28 17:00:00",35233,-100,-100,189,14.4,0,14.4,NAN,0,587.6,-100,-100,-144.9
"2026-08-28 18:00:00",35234,-100,-100,73.42,14.4,0,14.4,NAN,0,586.7,-100,-100,-144.9
"2026-08-28 19:00:00",35235,-100,-100,1.519,14.4,0,14.4,NAN,0,586.3,-100,-100,-144.9
"2026-08-28 20:00:00",35236,-100,-100,0,14.4,0,14.4,NAN,0,586,-100,-100,-144.9
"2026-08-28 21:00:00",35237,-100,-100,0,14.4,0,14.4,NAN,0,585.5,-100,-100,-144.9
"2026-08-28 22:00:00",35238,-100,-100,0,14.4,0,14.4,NAN,0,585.1,-100,-100,-144.9
"2026-08-29 10:00:00",35239,-100,-100,65.89,14.4,0,14.4,NAN,0,625.5,-100,-100,-144.9
"2026-08-29 12:00:00",35240,-100,-100,165.8,14.4,0,14.4,NAN,0,610.4,-100,-100,-144.9
"2026-08-29 13:00:00",35241,-100,-100,250.3,14.4,0,14.4,NAN,0,596.5,-100,-100,-144.9
"2026-08-29 14:00:00",35242,-100,-100,65.82,14.4,0,14.4,NAN,0,597.6,-100,-100,-144.9
"2026-08-29 15:00:00",35243,-100,-100,234.2,14.4,0,14.4,NAN,0,612.4,-100,-100,-144.9
"2026-08-29 16:00:00",35244,-100,-100,102.5,14.4,0,14.4,NAN,0.254,608.9,-100,-100,-144.9
"2026-08-30 09:00:00",35245,-100,-100,132.2,14.4,0,14.4,NAN,0,618.2,-100,-100,-144.9
"2026-08-31 12:00:00",35246,-100,-100,163.4,14.4,0,14.4,NAN,0,607.3,-100,-100,-144.9
"2026-08-31 13:00:00",35247,-100,-100,100,14.4,0,14.4,NAN,0,621,-100,-100,-144.9
"2026-09-01 09:00:00",35248,-100,-100,146.7,14.4,0,14.4,NAN,0,610.2,-100,-100,-144.9
"2026-09-01 10:00:00",35249,-100,-100,229.1,14.4,0,14.4,NAN,0,593.8,-100,-100,-144.9
"2026-09-01 11:00:00",35250,-100,-100,231.3,14.4,0,14.4,NAN,0,592.1,-100,-100,-144.9
"2026-09-01 12:00:00",35251,-100,-100,357.1,14.4,0,14.4,NAN,0,592.6,-100,-100,-144.9
"2026-09-01 13:00:00",35252,-100,-100,831,14.4,0,14.4,NAN,0,589.6,-100,-100,-144.9
"2026-09-01 14:00:00",35253,-100,-100,703.1,14.4,0,14.4,NAN,0,599.9,-100,-100,-144.9
"2026-09-01 15:00:00",35254,-100,-100,351.8,14.4,0,14.4,NAN,0,591.6,-100,-100,-144.9
"2026-09-01 16:00:00",35255,-100,-100,278.6,14.4,0,14.4,NAN,0.254,602.5,-100,-100,-144.9
"2026-09-01 17:00:00",35256,-100,-100,314.9,14.4,0,14.4,NAN,0,592.2,-100,-100,-144.9
"2026-09-01 18:00:00",35257,-100,-100,59.73,14.4,0,14.4,NAN,0,594.3,-100,-100,-144.9
"2026-09-01 19:00:00",35258,-100,-100,2.313,14.4,0,14.4,NAN,0.254,591.8,-100,-100,-144.9
"2026-09-01 20:00:00",35259,-100,-100,0,14.4,0,14.4,NAN,0,592.6,-100,-100,-144.9
"2026-09-01 21:00:00",35260,-100,-100,0,14.4,0,14.4,NAN,0,599.4,-100,-100,-144.9
"2026-09-01 22:00:00",35261,-100,-100,0,14.4,0,14.4,NAN,0,596.3,-100,-100,-144.9
"2026-09-01 23:00:00",35262,-100,-100,0,14.4,0,14.4,NAN,0,595.1,-100,-100,-144.9
"2026-09-02 08:00:00",35263,-100,-100,98.9,14.4,0,14.4,NAN,0,617,-100,-100,-144.9
"2026-09-02 09:00:00",35264,-100,-100,310.1,14.4,0,14.4,NAN,0,573.1,-100,-100,-144.9
"2026-09-02 10:00:00",35265,-100,-100,422.8,14.4,0,14.4,NAN,0,582.7,-100,-100,-144.9
"2026-09-02 11:00:00",35266,-100,-100,460.9,14.4,0,14.4,NAN,0,588.9,-100,-100,-144.9
"2026-09-02 12:00:00",35267,-100,-100,711.3,14.4,0,14.4,NAN,0,588.6,-100,-100,-144.9
"2026-09-02 13:00:00",35268,-100,-100,337.8,14.4,0,14.4,NAN,0,588.6,-100,-100,-144.9
"2026-09-02 14:00:00",35269,-100,-100,351.9,14.4,0,14.4,NAN,0,582.5,-100,-100,-144.9
"2026-09-02 15:00:00",35270,-100,-100,518.9,14.4,0,14.4,NAN,0,581.1,-100,-100,-144.9
"2026-09-02 16:00:00",35271,-100,-100,179.3,14.4,0,14.4,NAN,0,588.4,-100,-100,-144.9
"2026-09-02 17:00:00",35272,-100,-100,81.6,14.4,0,14.4,NAN,0,586.8,-100,-100,-144.9
"2026-09-02 18:00:00",35273,-100,-100,28.34,14.4,0,14.4,NAN,0,586.4,-100,-100,-144.9
"2026-09-02 19:00:00",35274,-100,-100,1.187,14.4,0,14.4,NAN,0,586.5,-100,-100,-144.9
"2026-09-02 20:00:00",35275,-100,-100,0,14.4,0,14.4,NAN,0,586.1,-100,-100,-144.9
"2026-09-02 21:00:00",35276,-100,-100,0,14.4,0,14.4,NAN,0,585.8,-100,-100,-144.9
"2026-09-02 22:00:00",35277,-100,-100,0,14.4,0,14.4,NAN,0,585.2,-100,-100,-144.9
"2026-09-03 08:00:00",35278,-100,-100,133.7,14.4,0,14.4,NAN,0,577.9,-100,-100,-144.9
"2026-09-03 09:00:00",35279,-100,-100,334.1,14.4,0,14.4,NAN,0,573.2,-100,-100,-144.9
"2026-09-03 10:00:00",35280,-100,-100,534.2,14.4,0,14.4,NAN,0,582.1,-100,-100,-144.9
"2026-09-03 11:00:00",35281,-100,-100,687.1,14.4,0,14.4,NAN,0,588.6,-100,-100,-144.9
"2026-09-03 12:00:00",35282,-100,-100,795.2,14.4,0,14.4,NAN,0,584.6,-100,-100,-144.9
"2026-09-03 13:00:00",35283,-100,-100,830,14.4,0,14.4,NAN,0,582.2,-100,-100,-144.9
"2026-09-03 14:00:00",35284,-100,-100,776.3,14.4,0,14.4,NAN,0,587.4,-100,-100,-144.9
"2026-09-03 15:00:00",35285,-100,-100,673,14.4,0,14.4,NAN,0,593.2,-100,-100,-144.9
"2026-09-03 16:00:00",35286,-100,-100,503.7,14.4,0,14.4,NAN,0,596.4,-100,-100,-144.9
"2026-09-03 17:00:00",35287,-100,-100,311.3,14.4,0,14.4,NAN,0,600.4,-100,-100,-144.9
"2026-09-03 18:00:00",35288,-100,-100,107.2,14.4,0,14.4,NAN,0,597.7,-100,-100,-144.9
"2026-09-03 19:00:00",35289,-100,-100,1.534,14.4,0,14.4,NAN,0,592.8,-100,-100,-144.9
"2026-09-03 20:00:00",35290,-100,-100,0,14.4,0,14.4,NAN,0,589.7,-100,-100,-144.9
"2026-09-03 21:00:00",35291,-100,-100,0,14.4,0,14.4,NAN,0,588.4,-100,-100,-144.9
"2026-09-03 22:00:00",35292,-100,-100,0,14.4,0,14.4,NAN,0,586.8,-100,-100,-144.9
"2026-09-03 23:00:00",35293,-100,-100,0,14.4,0,14.4,NAN,0,586.2,-100,-100,-144.9
"2026-09-04 00:00:00",35294,-100,-100,0,14.4,0,14.4,NAN,0,585.6,-100,-100,-144.9
"2026-09-04 08:00:00",35295,-100,-100,157.4,14.4,0,14.4,NAN,0,603.1,-100,-100,-144.9
"2026-09-04 09:00:00",35296,-100,-100,162.8,14.4,0,14.4,NAN,0,594.6,-100,-100,-144.9
"2026-09-04 10:00:00",35297,-100,-100,253.3,14.4,0,14.4,NAN,0,576.6,-100,-100,-144.9
"2026-09-04 11:00:00",35298,-100,-100,475.6,14.4,0,14.4,NAN,0,582.3,-100,-100,-144.9
"2026-09-04 12:00:00",35299,-100,-100,287.4,14.4,0,14.4,NAN,0,586.3,-100,-100,-144.9
"2026-09-04 13:00:00",35300,-100,-100,195.6,14.4,0,14.4,NAN,0,585.8,-100,-100,-144.9
"2026-09-04 14:00:00",35301,-100,-100,173.1,14.4,0,14.4,NAN,0,584.5,-100,-100,-144.9
"2026-09-04 15:00:00",35302,-100,-100,59.41,14.4,0,14.4,NAN,0,584.4,-100,-100,-144.9
"2026-09-04 16:00:00",35303,-100,-100,32.24,14.4,0,14.4,NAN,0,583.5,-100,-100,-144.9
"2026-09-04 17:00:00",35304,-100,-100,22.06,14.4,0,14.4,NAN,0,581.9,-100,-100,-144.9
"2026-09-04 18:00:00",35305,-100,-100,7.08,14.4,0,14.4,NAN,0,581.9,-100,-100,-144.9
"2026-09-04 19:00:00",35306,-100,-100,0.377,14.4,0,14.4,NAN,0,579.3,-100,-100,-144.9
"2026-09-05 09:00:00",35307,-100,-100,55.5,14.4,0,14.4,NAN,0,622.5,-100,-100,-144.9
"2026-09-05 10:00:00",35308,-100,-100,54.71,14.4,0,14.4,NAN,0,622.5,-100,-100,-144.9
"2026-09-05 11:00:00",35309,-100,-100,140.1,14.4,0,14.4,NAN,0,611.4,-100,-100,-144.9
"2026-09-05 14:00:00",35310,-100,-100,51.19,14.4,0,14.4,NAN,0,643.6,-100,-100,-144.9
"2026-09-05 15:00:00",35311,-100,-100,46.02,14.4,0,14.4,NAN,0,629.3,-100,-100,-144.9
"2026-09-06 08:00:00",35312,-100,-100,73.91,14.4,0,14.4,NAN,0,621.2,-100,-100,-144.9
"2026-09-06 09:00:00",35313,-100,-100,315.9,14.4,0,14.4,NAN,0,590.3,-100,-100,-144.9
"2026-09-06 10:00:00",35314,-100,-100,328,14.4,0,14.4,NAN,0,590,-100,-100,-144.9
"2026-09-06 11:00:00",35315,-100,-100,429.5,14.4,0,14.4,NAN,0,589.6,-100,-100,-144.9
"2026-09-06 12:00:00",35316,-100,-100,722.5,14.4,0,14.4,NAN,0,587.5,-100,-100,-144.9
"2026-09-06 13:00:00",35317,-100,-100,181.6,14.4,0,14.4,NAN,0,593.7,-100,-100,-144.9
"2026-09-06 14:00:00",35318,-100,-100,190.3,14.4,0,14.4,NAN,0,589.5,-100,-100,-144.9
"2026-09-06 15:00:00",35319,-100,-100,118,14.4,0,14.4,NAN,0,588.4,-100,-100,-144.9
"2026-09-06 16:00:00",35320,-100,-100,30.38,14.4,0,14.4,NAN,0,588.7,-100,-100,-144.9
"2026-09-06 17:00:00",35321,-100,-100,14.59,14.4,0,14.4,NAN,0,587.9,-100,-100,-144.9
"2026-09-06 18:00:00",35322,-100,-100,6.377,14.4,0,14.4,NAN,0,586.6,-100,-100,-144.9
"2026-09-06 19:00:00",35323,-100,-100,0.158,14.4,0,14.4,NAN,0,585.7,-100,-100,-144.9
"2026-09-06 20:00:00",35324,-100,-100,0,14.4,0,14.4,NAN,0,583,-100,-100,-144.9
"2026-09-07 10:00:00",35325,-100,-100,215.7,14.4,0,14.4,NAN,0,596.5,-100,-100,-144.9
"2026-09-07 11:00:00",35326,-100,-100,461.8,14.4,0,14.4,NAN,0,589.8,-100,-100,-144.9
"2026-09-07 12:00:00",35327,-100,-100,802,14.4,0,14.4,NAN,0,593.5,-100,-100,-144.9
"2026-09-07 13:00:00",35328,-100,-100,701.5,14.4,0,14.4,NAN,0,592.3,-100,-100,-144.9
"2026-09-07 14:00:00",35329,-100,-100,389.1,14.4,0,14.4,NAN,0,595,-100,-100,-144.9
"2026-09-07 15:00:00",35330,-100,-100,352,14.4,0,14.4,NAN,0,585.5,-100,-100,-144.9
"2026-09-07 16:00:00",35331,-100,-100,273.5,14.4,0,14.4,NAN,0,592.4,-100,-100,-144.9
"2026-09-07 17:00:00",35332,-100,-100,132.9,14.4,0,14.4,NAN,0,590,-100,-100,-144.9
"2026-09-07 18:00:00",35333,-100,-100,15.9,14.4,0,14.4,NAN,0,590,-100,-100,-144.9
"2026-09-07 19:00:00",35334,-100,-100,0.393,14.4,0,14.4,NAN,0,589.1,-100,-100,-144.9
"2026-09-07 20:00:00",35335,-100,-100,0,14.4,0,14.4,NAN,0,587.3,-100,-100,-144.9
"2026-09-07 21:00:00",35336,-100,-100,0,14.4,0,14.4,NAN,0,585.6,-100,-100,-144.9
"2026-09-07 22:00:00",35337,-100,-100,0,14.4,0,14.4,NAN,0,583.8,-100,-100,-144.9
"2026-09-08 09:00:00",35338,-100,-100,174.1,14.4,0,14.4,NAN,0,600.3,-100,-100,-144.9
"2026-09-08 10:00:00",35339,-100,-100,314.3,14.4,0,14.4,NAN,0,589.3,-100,-100,-144.9
"2026-09-08 11:00:00",35340,-100,-100,471.6,14.4,0,14.4,NAN,0,589,-100,-100,-144.9
"2026-09-08 12:00:00",35341,-100,-100,421.5,14.4,0,14.4,NAN,0,589.6,-100,-100,-144.9
"2026-09-08 13:00:00",35342,-100,-100,430,14.4,0,14.4,NAN,0,590.6,-100,-100,-144.9
"2026-09-08 14:00:00",35343,-100,-100,383.9,14.4,0,14.4,NAN,0,590.9,-100,-100,-144.9
"2026-09-08 15:00:00",35344,-100,-100,411.6,14.4,0,14.4,NAN,0,585.5,-100,-100,-144.9
"2026-09-08 16:00:00",35345,-100,-100,451.5,14.4,0,14.4,NAN,0,590.5,-100,-100,-144.9
"2026-09-08 17:00:00",35346,-100,-100,220.9,14.4,0,14.4,NAN,0,592.4,-100,-100,-144.9
